0	0	0
0.0625	0	0
0.125	0	0
0.1875	0	0
0.25	0	0
0.3125	0	0
0.375	0	0
0.4375	0	0
0.5	0	0
0.5625	0	0
0.625	0	0
0.6875	0	0
0.75	0	0
0.8125	0	0
0.875	0	0
0.9375	0	0
1	0	0

0	0.0625	0
0.0625	0.0625	-0.000147016
0.125	0.0625	3.88931e-05
0.1875	0.0625	3.77075e-05
0.25	0.0625	1.76724e-05
0.3125	0.0625	-8.45026e-05
0.375	0.0625	6.64818e-05
0.4375	0.0625	-2.71223e-05
0.5	0.0625	-0.000151368
0.5625	0.0625	0.000312764
0.625	0.0625	-0.000137779
0.6875	0.0625	-1.81311e-05
0.75	0.0625	4.21353e-05
0.8125	0.0625	-3.89071e-05
0.875	0.0625	9.84101e-06
0.9375	0.0625	4.33331e-07
1	0.0625	2.42007e-17

0	0.125	0
0.0625	0.125	1.48855e-05
0.125	0.125	6.24562e-05
0.1875	0.125	-2.93687e-05
0.25	0.125	-4.22559e-05
0.3125	0.125	1.49541e-05
0.375	0.125	1.16373e-05
0.4375	0.125	-0.000154253
0.5	0.125	0.000380625
0.5625	0.125	-0.000176691
0.625	0.125	-4.5277e-05
0.6875	0.125	0.000106891
0.75	0.125	-0.000141955
0.8125	0.125	3.78516e-05
0.875	0.125	7.60507e-06
0.9375	0.125	4.28152e-06
1	0.125	4.93374e-17

0	0.1875	0
0.0625	0.1875	4.82621e-05
0.125	0.1875	-1.0333e-05
0.1875	0.1875	-3.35977e-05
0.25	0.1875	-4.50164e-06
0.3125	0.1875	2.05339e-05
0.375	0.1875	-0.00010764
0.4375	0.1875	0.000346945
0.5	0.1875	-0.000216012
0.5625	0.1875	-4.84018e-05
0.625	0.1875	0.000214762
0.6875	0.1875	-0.00035727
0.75	0.1875	0.000114178
0.8125	0.1875	1.66822e-05
0.875	0.1875	6.66335e-06
0.9375	0.1875	3.36596e-06
1	0.1875	7.63823e-17

0	0.25	0
0.0625	0.25	7.81112e-05
0.125	0.25	-0.000123133
0.1875	0.25	7.98239e-06
0.25	0.25	4.28206e-05
0.3125	0.25	-1.16222e-05
0.375	0.25	0.000151753
0.4375	0.25	-0.000170875
0.5	0.25	-1.81727e-05
0.5625	0.25	0.000376277
0.625	0.25	-0.000710722
0.6875	0.25	0.000267453
0.75	0.25	5.67331e-05
0.8125	0.25	1.7352e-05
0.875	0.25	2.48415e-05
0.9375	0.25	-1.36104e-05
1	0.25	1.06382e-16

0	0.3125	0
0.0625	0.3125	-0.000241532
0.125	0.3125	4.56418e-05
0.1875	0.3125	0.000102465
0.25	0.3125	5.01654e-05
0.3125	0.3125	-9.44464e-05
0.375	0.3125	-6.49353e-05
0.4375	0.3125	9.00774e-05
0.5	0.3125	0.000411932
0.5625	0.3125	-0.00101831
0.625	0.3125	0.000441227
0.6875	0.3125	0.000181149
0.75	0.3125	-9.22292e-05
0.8125	0.3125	0.000125312
0.875	0.3125	-5.54035e-05
0.9375	0.3125	-3.51523e-06
1	0.3125	1.40495e-16

0	0.375	0
0.0625	0.375	0.000126304
0.125	0.375	0.000154418
0.1875	0.375	6.96776e-05
0.25	0.375	-0.000277771
0.3125	0.375	3.03766e-05
0.375	0.375	0.000200393
0.4375	0.375	0.000304018
0.5	0.375	-0.00105859
0.5625	0.375	0.000507618
0.625	0.375	0.000302124
0.6875	0.375	-0.000341545
0.75	0.375	0.000428787
0.8125	0.375	-0.000188917
0.875	0.375	-2.402e-05
0.9375	0.375	-3.16257e-05
1	0.375	1.80043e-16

0	0.4375	0
0.0625	0.4375	0.000141085
0.125	0.4375	7.6386e-05
0.1875	0.4375	-0.000418049
0.25	0.4375	0.00013566
0.3125	0.4375	0.000190392
0.375	0.4375	0.000199787
0.4375	0.4375	-0.00095719
0.5	0.4375	0.000515437
0.5625	0.4375	0.000236455
0.625	0.4375	-0.000475537
0.6875	0.4375	0.000748142
0.75	0.4375	-0.000339429
0.8125	0.4375	-0.00014496
0.875	0.4375	-3.85678e-05
0.9375	0.4375	3.72652e-05
1	0.4375	2.26554e-16

0	0.5	0
0.0625	0.5	2.37765e-05
0.125	0.5	-0.000460108
0.1875	0.5	0.000201851
0.25	0.5	7.43613e-05
0.3125	0.5	6.64184e-05
0.375	0.5	-0.000648668
0.4375	0.5	0.000445619
0.5	0.5	3.70379e-05
0.5625	0.5	-0.000510796
0.625	0.5	0.00104493
0.6875	0.5	-0.000442241
0.75	0.5	-0.000361445
0.8125	0.5	3.49306e-05
0.875	0.5	0.000117106
0.9375	0.5	7.63484e-05
1	0.5	2.81828e-16

0	0.5625	0
0.0625	0.5625	-0.000306764
0.125	0.5625	5.06932e-05
0.1875	0.5625	0.000221571
0.25	0.5625	-0.000270424
0.3125	0.5625	0.000212478
0.375	0.5625	-5.11235e-05
0.4375	0.5625	0.000258377
0.5	0.5625	-0.000753127
0.5625	0.5625	0.00175704
0.625	0.5625	-0.00084035
0.6875	0.5625	-0.000196746
0.75	0.5625	-8.66213e-05
0.8125	0.5625	0.000487341
0.875	0.5625	7.52024e-05
0.9375	0.5625	-0.000105255
1	0.5625	3.48002e-16

0	0.625	0
0.0625	0.625	-0.000303701
0.125	0.625	0.000741626
0.1875	0.625	-0.000829276
0.25	0.625	0.00142475
0.3125	0.625	-0.00092681
0.375	0.625	0.000972
0.4375	0.625	-0.00126043
0.5	0.625	0.00260061
0.5625	0.625	-0.00150953
0.625	0.625	0.000361468
0.6875	0.625	-0.000475193
0.75	0.625	0.00101228
0.8125	0.625	-0.000138147
0.875	0.625	-0.000353037
0.9375	0.625	2.42744e-05
1	0.625	4.27636e-16

0	0.6875	0
0.0625	0.6875	0.000994586
0.125	0.6875	0.000372676
0.1875	0.6875	0.00146393
0.25	0.6875	0.00172406
0.3125	0.6875	0.000306229
0.375	0.6875	0.00306054
0.4375	0.6875	0.00146768
0.5	0.6875	0.0033166
0.5625	0.6875	-0.0006653
0.625	0.6875	0.00430574
0.6875	0.6875	-9.10569e-05
0.75	0.6875	0.00367762
0.8125	0.6875	-0.00137264
0.875	0.6875	0.00273634
0.9375	0.6875	-0.000372313
1	0.6875	5.23809e-16

0	0.75	0
0.0625	0.75	-0.0252373
0.125	0.75	-0.00495386
0.1875	0.75	-0.0845775
0.25	0.75	-0.0130497
0.3125	0.75	-0.1321
0.375	0.75	-0.0175141
0.4375	0.75	-0.160451
0.5	0.75	-0.021132
0.5625	0.75	-0.163127
0.625	0.75	-0.0202353
0.6875	0.75	-0.141931
0.75	0.75	-0.0170027
0.8125	0.75	-0.0985249
0.875	0.75	-0.0103419
0.9375	0.75	-0.0435424
1	0.75	6.40242e-16

0	0.8125	0
0.0625	0.8125	0.103262
0.125	0.8125	0.0625477
0.1875	0.8125	0.340712
0.25	0.8125	0.313629
0.3125	0.8125	0.531975
0.375	0.8125	0.518462
0.4375	0.8125	0.641887
0.5	0.8125	0.644818
0.5625	0.8125	0.653913
0.625	0.8125	0.672919
0.6875	0.8125	0.56699
0.75	0.8125	0.598451
0.8125	0.8125	0.392827
0.875	0.8125	0.429933
0.9375	0.8125	0.1668
1	0.8125	7.81438e-16

0	0.875	0
0.0625	0.875	-0.121902
0.125	0.875	-0.512677
0.1875	0.875	-0.831895
0.25	0.875	-1.48939
0.3125	0.875	-1.61057
0.375	0.875	-2.24267
0.4375	0.875	-2.14545
0.5	0.875	-2.65475
0.5625	0.875	-2.35297
0.625	0.875	-2.66227
0.6875	0.875	-2.20325
0.75	0.875	-2.26501
0.8125	0.875	-1.71851
0.875	0.875	-1.51728
0.9375	0.875	-1.1737
1	0.875	9.52857e-16

0	0.9375	0
0.0625	0.9375	0.982353
0.125	0.9375	2.63813
0.1875	0.9375	3.98243
0.25	0.9375	5.54398
0.3125	0.9375	6.62284
0.375	0.9375	7.66733
0.4375	0.9375	8.25565
0.5	0.9375	8.62389
0.5625	0.9375	8.63147
0.625	0.9375	8.26719
0.6875	0.9375	7.69344
0.75	0.9375	6.65194
0.8125	0.9375	5.5847
0.875	0.9375	3.96235
0.9375	0.9375	2.87527
1	0.9375	1.16113e-15

0	1	0
0.0625	1	2.25305
0.125	1	4.41951
0.1875	1	6.41614
0.25	1	8.16619
0.3125	1	9.60243
0.375	1	10.6696
0.4375	1	11.3268
0.5	1	11.5487
0.5625	1	11.3268
0.625	1	10.6696
0.6875	1	9.60243
0.75	1	8.16619
0.8125	1	6.41614
0.875	1	4.41951
0.9375	1	2.25305
1	1	1.41431e-15

