0	0	0
0.00390625	0	0
0.0078125	0	0
0.0117188	0	0
0.015625	0	0
0.0195312	0	0
0.0234375	0	0
0.0273438	0	0
0.03125	0	0

0	0.00390625	0
0.00390625	0.00390625	0
0.0078125	0.00390625	1.3319e-06
0.0117188	0.00390625	2.33158e-20
0.015625	0.00390625	1.8836e-06
0.0195312	0.00390625	9.86649e-18
0.0234375	0.00390625	1.3319e-06
0.0273438	0.00390625	1.08209e-16
0.03125	0.00390625	4.93374e-17

0	0.0078125	0
0.00390625	0.0078125	0.000485357
0.0078125	0.0078125	5.32761e-06
0.0117188	0.0078125	0.00117176
0.015625	0.0078125	7.53438e-06
0.0195312	0.0078125	0.00117176
0.0234375	0.0078125	5.32761e-06
0.0273438	0.0078125	0.000485357
0.03125	0.0078125	1.06382e-16

0	0.0117188	0
0.00390625	0.0117188	0.0019361
0.0078125	0.0117188	0.0345308
0.0117188	0.0117188	0.00467416
0.015625	0.0117188	0.048834
0.0195312	0.0117188	0.00467416
0.0234375	0.0117188	0.0345308
0.0273438	0.0117188	0.0019361
0.03125	0.0117188	1.80043e-16

0	0.015625	0
0.00390625	0.015625	0.225049
0.0078125	0.015625	0.131508
0.0117188	0.015625	0.543317
0.015625	0.015625	0.18598
0.0195312	0.015625	0.543317
0.0234375	0.015625	0.131508
0.0273438	0.015625	0.225049
0.03125	0.015625	2.81828e-16

0	0.0195312	0
0.00390625	0.0195312	0.766569
0.0078125	0.0195312	2.48769
0.0117188	0.0195312	1.85066
0.015625	0.0195312	3.51813
0.0195312	0.0195312	1.85066
0.0234375	0.0195312	2.48769
0.0273438	0.0195312	0.766569
0.03125	0.0195312	4.27636e-16

0	0.0234375	0
0.00390625	0.0234375	4.8766
0.0078125	0.0234375	6.9757
0.0117188	0.0234375	11.7731
0.015625	0.0234375	9.86513
0.0195312	0.0234375	11.7731
0.0234375	0.0234375	6.9757
0.0273438	0.0234375	4.8766
0.03125	0.0234375	6.40242e-16

0	0.0273438	0
0.00390625	0.0273438	8.15709
0.0078125	0.0273438	16.9163
0.0117188	0.0273438	19.693
0.015625	0.0273438	23.9233
0.0195312	0.0273438	19.693
0.0234375	0.0273438	16.9163
0.0273438	0.0273438	8.15709
0.03125	0.0273438	9.52857e-16

0	0.03125	0
0.00390625	0.03125	4.41951
0.0078125	0.03125	8.16619
0.0117188	0.03125	10.6696
0.015625	0.03125	11.5487
0.0195312	0.03125	10.6696
0.0234375	0.03125	8.16619
0.0273438	0.03125	4.41951
0.03125	0.03125	1.41431e-15

