0	0	0
0.00390625	0	0
0.0078125	0	0
0.0117188	0	0
0.015625	0	0
0.0195312	0	0
0.0234375	0	0
0.0273438	0	0
0.03125	0	0
0.0351562	0	0
0.0390625	0	0
0.0429688	0	0
0.046875	0	0
0.0507812	0	0
0.0546875	0	0
0.0585938	0	0
0.0625	0	0
0.0664062	0	0
0.0703125	0	0
0.0742188	0	0
0.078125	0	0
0.0820312	0	0
0.0859375	0	0
0.0898438	0	0
0.09375	0	0
0.0976562	0	0
0.101562	0	0
0.105469	0	0
0.109375	0	0
0.113281	0	0
0.117188	0	0
0.121094	0	0
0.125	0	0

0	0.00390625	0
0.00390625	0.00390625	0
0.0078125	0.00390625	0
0.0117188	0.00390625	0
0.015625	0.00390625	0
0.0195312	0.00390625	0
0.0234375	0.00390625	0
0.0273438	0.00390625	0
0.03125	0.00390625	0
0.0351562	0.00390625	0
0.0390625	0.00390625	0
0.0429688	0.00390625	0
0.046875	0.00390625	0
0.0507812	0.00390625	0
0.0546875	0.00390625	0
0.0585938	0.00390625	0
0.0625	0.00390625	0
0.0664062	0.00390625	0
0.0703125	0.00390625	0
0.0742188	0.00390625	0
0.078125	0.00390625	0
0.0820312	0.00390625	0
0.0859375	0.00390625	0
0.0898438	0.00390625	0
0.09375	0.00390625	0
0.0976562	0.00390625	0
0.101562	0.00390625	6.90194e-22
0.105469	0.00390625	2.75506e-21
0.109375	0.00390625	4.07724e-19
0.113281	0.00390625	1.3947e-18
0.117188	0.00390625	9.78134e-18
0.121094	0.00390625	1.69854e-17
0.125	0.00390625	1.20423e-17

0	0.0078125	0
0.00390625	0.0078125	0
0.0078125	0.0078125	0
0.0117188	0.0078125	0
0.015625	0.0078125	0
0.0195312	0.0078125	0
0.0234375	0.0078125	0
0.0273438	0.0078125	0
0.03125	0.0078125	0
0.0351562	0.0078125	0
0.0390625	0.0078125	0
0.0429688	0.0078125	0
0.046875	0.0078125	0
0.0507812	0.0078125	0
0.0546875	0.0078125	0
0.0585938	0.0078125	0
0.0625	0.0078125	0
0.0664062	0.0078125	0
0.0703125	0.0078125	0
0.0742188	0.0078125	0
0.078125	0.0078125	0
0.0820312	0.0078125	0
0.0859375	0.0078125	0
0.0898438	0.0078125	0
0.09375	0.0078125	0
0.0976562	0.0078125	1.42799e-24
0.101562	0.0078125	5.71195e-24
0.105469	0.0078125	6.10973e-20
0.109375	0.0078125	2.33257e-19
0.113281	0.0078125	5.23552e-18
0.117188	0.0078125	1.47246e-17
0.121094	0.0078125	3.87764e-17
0.125	0.0078125	2.42007e-17

0	0.0117188	0
0.00390625	0.0117188	0
0.0078125	0.0117188	0
0.0117188	0.0117188	0
0.015625	0.0117188	0
0.0195312	0.0117188	0
0.0234375	0.0117188	0
0.0273438	0.0117188	0
0.03125	0.0117188	0
0.0351562	0.0117188	0
0.0390625	0.0117188	0
0.0429688	0.0117188	0
0.046875	0.0117188	0
0.0507812	0.0117188	0
0.0546875	0.0117188	0
0.0585938	0.0117188	0
0.0625	0.0117188	0
0.0664062	0.0117188	0
0.0703125	0.0117188	0
0.0742188	0.0117188	0
0.078125	0.0117188	0
0.0820312	0.0117188	0
0.0859375	0.0117188	0
0.0898438	0.0117188	0
0.09375	0.0117188	0
0.0976562	0.0117188	0
0.101562	0.0117188	2.09728e-21
0.105469	0.0117188	8.37175e-21
0.109375	0.0117188	1.23894e-18
0.113281	0.0117188	4.23805e-18
0.117188	0.0117188	2.97223e-17
0.121094	0.0117188	5.16131e-17
0.125	0.0117188	3.65926e-17

0	0.015625	0
0.00390625	0.015625	0
0.0078125	0.015625	0
0.0117188	0.015625	0
0.015625	0.015625	0
0.0195312	0.015625	0
0.0234375	0.015625	0
0.0273438	0.015625	0
0.03125	0.015625	0
0.0351562	0.015625	0
0.0390625	0.015625	0
0.0429688	0.015625	0
0.046875	0.015625	0
0.0507812	0.015625	0
0.0546875	0.015625	0
0.0585938	0.015625	0
0.0625	0.015625	0
0.0664062	0.015625	0
0.0703125	0.015625	0
0.0742188	0.015625	0
0.078125	0.015625	0
0.0820312	0.015625	0
0.0859375	0.015625	0
0.0898438	0.015625	0
0.09375	0.015625	0
0.0976562	0.015625	2.91121e-24
0.101562	0.015625	1.16448e-23
0.105469	0.015625	1.24558e-19
0.109375	0.015625	4.75535e-19
0.113281	0.015625	1.06735e-17
0.117188	0.015625	3.00188e-17
0.121094	0.015625	7.90526e-17
0.125	0.015625	4.93374e-17

0	0.0195312	0
0.00390625	0.0195312	0
0.0078125	0.0195312	0
0.0117188	0.0195312	0
0.015625	0.0195312	0
0.0195312	0.0195312	0
0.0234375	0.0195312	0
0.0273438	0.0195312	0
0.03125	0.0195312	0
0.0351562	0.0195312	0
0.0390625	0.0195312	0
0.0429688	0.0195312	0
0.046875	0.0195312	0
0.0507812	0.0195312	0
0.0546875	0.0195312	0
0.0585938	0.0195312	0
0.0625	0.0195312	0
0.0664062	0.0195312	0
0.0703125	0.0195312	0
0.0742188	0.0195312	0
0.078125	0.0195312	0
0.0820312	0.0195312	0
0.0859375	0.0195312	0
0.0898438	0.0195312	0
0.09375	0.0195312	0
0.0976562	0.0195312	0
0.101562	0.0195312	3.58548e-21
0.105469	0.0195312	1.43122e-20
0.109375	0.0195312	2.11808e-18
0.113281	0.0195312	7.24532e-18
0.117188	0.0195312	5.08129e-17
0.121094	0.0195312	8.82371e-17
0.125	0.0195312	6.25581e-17

0	0.0234375	0
0.00390625	0.0234375	0
0.0078125	0.0234375	0
0.0117188	0.0234375	0
0.015625	0.0234375	0
0.0195312	0.0234375	0
0.0234375	0.0234375	0
0.0273438	0.0234375	0
0.03125	0.0234375	0
0.0351562	0.0234375	0
0.0390625	0.0234375	0
0.0429688	0.0234375	0
0.046875	0.0234375	0
0.0507812	0.0234375	0
0.0546875	0.0234375	0
0.0585938	0.0234375	0
0.0625	0.0234375	0
0.0664062	0.0234375	0
0.0703125	0.0234375	0
0.0742188	0.0234375	0
0.078125	0.0234375	0
0.0820312	0.0234375	0
0.0859375	0.0234375	0
0.0898438	0.0234375	0
0.09375	0.0234375	0
0.0976562	0.0234375	4.50702e-24
0.101562	0.0234375	1.80281e-23
0.105469	0.0234375	1.92836e-19
0.109375	0.0234375	7.36206e-19
0.113281	0.0234375	1.65244e-17
0.117188	0.0234375	4.6474e-17
0.121094	0.0234375	1.22386e-16
0.125	0.0234375	7.63823e-17

0	0.0273438	0
0.00390625	0.0273438	0
0.0078125	0.0273438	0
0.0117188	0.0273438	0
0.015625	0.0273438	0
0.0195312	0.0273438	0
0.0234375	0.0273438	0
0.0273438	0.0273438	0
0.03125	0.0273438	0
0.0351562	0.0273438	0
0.0390625	0.0273438	0
0.0429688	0.0273438	0
0.046875	0.0273438	0
0.0507812	0.0273438	0
0.0546875	0.0273438	0
0.0585938	0.0273438	0
0.0625	0.0273438	0
0.0664062	0.0273438	0
0.0703125	0.0273438	0
0.0742188	0.0273438	0
0.078125	0.0273438	0
0.0820312	0.0273438	0
0.0859375	0.0273438	0
0.0898438	0.0273438	0
0.09375	0.0273438	0
0.0976562	0.0273438	0
0.101562	0.0273438	5.21235e-21
0.105469	0.0273438	2.08063e-20
0.109375	0.0273438	3.07914e-18
0.113281	0.0273438	1.05328e-17
0.117188	0.0273438	7.38688e-17
0.121094	0.0273438	1.28274e-16
0.125	0.0273438	9.09433e-17

0	0.03125	0
0.00390625	0.03125	0
0.0078125	0.03125	0
0.0117188	0.03125	0
0.015625	0.03125	0
0.0195312	0.03125	0
0.0234375	0.03125	0
0.0273438	0.03125	0
0.03125	0.03125	0
0.0351562	0.03125	0
0.0390625	0.03125	0
0.0429688	0.03125	0
0.046875	0.03125	0
0.0507812	0.03125	0
0.0546875	0.03125	0
0.0585938	0.03125	0
0.0625	0.03125	0
0.0664062	0.03125	0
0.0703125	0.03125	0
0.0742188	0.03125	0
0.078125	0.03125	0
0.0820312	0.03125	0
0.0859375	0.03125	0
0.0898438	0.03125	0
0.09375	0.03125	0
0.0976562	0.03125	6.27716e-24
0.101562	0.03125	2.51086e-23
0.105469	0.03125	2.68572e-19
0.109375	0.03125	1.02535e-18
0.113281	0.03125	2.30143e-17
0.117188	0.03125	6.47267e-17
0.121094	0.03125	1.70454e-16
0.125	0.03125	1.06382e-16

0	0.0351562	0
0.00390625	0.0351562	0
0.0078125	0.0351562	0
0.0117188	0.0351562	0
0.015625	0.0351562	0
0.0195312	0.0351562	0
0.0234375	0.0351562	0
0.0273438	0.0351562	0
0.03125	0.0351562	0
0.0351562	0.0351562	0
0.0390625	0.0351562	0
0.0429688	0.0351562	0
0.046875	0.0351562	0
0.0507812	0.0351562	0
0.0546875	0.0351562	0
0.0585938	0.0351562	0
0.0625	0.0351562	0
0.0664062	0.0351562	0
0.0703125	0.0351562	0
0.0742188	0.0351562	0
0.078125	0.0351562	0
0.0820312	0.0351562	0
0.0859375	0.0351562	0
0.0898438	0.0351562	0
0.09375	0.0351562	0
0.0976562	0.0351562	0
0.101562	0.0351562	7.04083e-21
0.105469	0.0351562	2.8105e-20
0.109375	0.0351562	4.15929e-18
0.113281	0.0351562	1.42277e-17
0.117188	0.0351562	9.97817e-17
0.121094	0.0351562	1.73272e-16
0.125	0.0351562	1.22846e-16

0	0.0390625	0
0.00390625	0.0390625	0
0.0078125	0.0390625	0
0.0117188	0.0390625	0
0.015625	0.0390625	0
0.0195312	0.0390625	0
0.0234375	0.0390625	0
0.0273438	0.0390625	0
0.03125	0.0390625	0
0.0351562	0.0390625	0
0.0390625	0.0390625	0
0.0429688	0.0390625	0
0.046875	0.0390625	0
0.0507812	0.0390625	0
0.0546875	0.0390625	0
0.0585938	0.0390625	0
0.0625	0.0390625	0
0.0664062	0.0390625	0
0.0703125	0.0390625	0
0.0742188	0.0390625	0
0.078125	0.0390625	0
0.0820312	0.0390625	0
0.0859375	0.0390625	0
0.0898438	0.0390625	0
0.09375	0.0390625	0
0.0976562	0.0390625	8.29007e-24
0.101562	0.0390625	3.31603e-23
0.105469	0.0390625	3.54696e-19
0.109375	0.0390625	1.35415e-18
0.113281	0.0390625	3.03944e-17
0.117188	0.0390625	8.54828e-17
0.121094	0.0390625	2.25113e-16
0.125	0.0390625	1.40495e-16

0	0.0429688	0
0.00390625	0.0429688	0
0.0078125	0.0429688	0
0.0117188	0.0429688	0
0.015625	0.0429688	0
0.0195312	0.0429688	0
0.0234375	0.0429688	0
0.0273438	0.0429688	0
0.03125	0.0429688	0
0.0351562	0.0429688	0
0.0390625	0.0429688	0
0.0429688	0.0429688	0
0.046875	0.0429688	0
0.0507812	0.0429688	0
0.0546875	0.0429688	0
0.0585938	0.0429688	0
0.0625	0.0429688	0
0.0664062	0.0429688	0
0.0703125	0.0429688	0
0.0742188	0.0429688	0
0.078125	0.0429688	0
0.0820312	0.0429688	0
0.0859375	0.0429688	0
0.0898438	0.0429688	0
0.09375	0.0429688	0
0.0976562	0.0429688	0
0.101562	0.0429688	9.14162e-21
0.105469	0.0429688	3.64908e-20
0.109375	0.0429688	5.40031e-18
0.113281	0.0429688	1.84728e-17
0.117188	0.0429688	1.29554e-16
0.121094	0.0429688	2.24972e-16
0.125	0.0429688	1.595e-16

0	0.046875	0
0.00390625	0.046875	0
0.0078125	0.046875	0
0.0117188	0.046875	0
0.015625	0.046875	0
0.0195312	0.046875	0
0.0234375	0.046875	0
0.0273438	0.046875	0
0.03125	0.046875	0
0.0351562	0.046875	0
0.0390625	0.046875	0
0.0429688	0.046875	0
0.046875	0.046875	0
0.0507812	0.046875	0
0.0546875	0.046875	0
0.0585938	0.046875	0
0.0625	0.046875	0
0.0664062	0.046875	0
0.0703125	0.046875	0
0.0742188	0.046875	0
0.078125	0.046875	0
0.0820312	0.046875	0
0.0859375	0.046875	0
0.0898438	0.046875	0
0.09375	0.046875	0
0.0976562	0.046875	1.06236e-23
0.101562	0.046875	4.24945e-23
0.105469	0.046875	4.54538e-19
0.109375	0.046875	1.73533e-18
0.113281	0.046875	3.89501e-17
0.117188	0.046875	1.09545e-16
0.121094	0.046875	2.8848e-16
0.125	0.046875	1.80043e-16

0	0.0507812	0
0.00390625	0.0507812	0
0.0078125	0.0507812	0
0.0117188	0.0507812	0
0.015625	0.0507812	0
0.0195312	0.0507812	0
0.0234375	0.0507812	0
0.0273438	0.0507812	0
0.03125	0.0507812	0
0.0351562	0.0507812	0
0.0390625	0.0507812	0
0.0429688	0.0507812	0
0.046875	0.0507812	0
0.0507812	0.0507812	0
0.0546875	0.0507812	0
0.0585938	0.0507812	0
0.0625	0.0507812	0
0.0664062	0.0507812	0
0.0703125	0.0507812	0
0.0742188	0.0507812	0
0.078125	0.0507812	0
0.0820312	0.0507812	0
0.0859375	0.0507812	0
0.0898438	0.0507812	0
0.09375	0.0507812	0
0.0976562	0.0507812	0
0.101562	0.0507812	1.1596e-20
0.105469	0.0507812	4.6288e-20
0.109375	0.0507812	6.8502e-18
0.113281	0.0507812	2.34325e-17
0.117188	0.0507812	1.64337e-16
0.121094	0.0507812	2.85373e-16
0.125	0.0507812	2.02323e-16

0	0.0546875	0
0.00390625	0.0546875	0
0.0078125	0.0546875	0
0.0117188	0.0546875	0
0.015625	0.0546875	0
0.0195312	0.0546875	0
0.0234375	0.0546875	0
0.0273438	0.0546875	0
0.03125	0.0546875	0
0.0351562	0.0546875	0
0.0390625	0.0546875	0
0.0429688	0.0546875	0
0.046875	0.0546875	0
0.0507812	0.0546875	0
0.0546875	0.0546875	0
0.0585938	0.0546875	0
0.0625	0.0546875	0
0.0664062	0.0546875	0
0.0703125	0.0546875	0
0.0742188	0.0546875	0
0.078125	0.0546875	0
0.0820312	0.0546875	0
0.0859375	0.0546875	0
0.0898438	0.0546875	0
0.09375	0.0546875	0
0.0976562	0.0546875	1.33681e-23
0.101562	0.0546875	5.34723e-23
0.105469	0.0546875	5.71961e-19
0.109375	0.0546875	2.18363e-18
0.113281	0.0546875	4.90122e-17
0.117188	0.0546875	1.37844e-16
0.121094	0.0546875	3.63004e-16
0.125	0.0546875	2.26554e-16

0	0.0585938	0
0.00390625	0.0585938	0
0.0078125	0.0585938	0
0.0117188	0.0585938	0
0.015625	0.0585938	0
0.0195312	0.0585938	0
0.0234375	0.0585938	0
0.0273438	0.0585938	0
0.03125	0.0585938	0
0.0351562	0.0585938	0
0.0390625	0.0585938	0
0.0429688	0.0585938	0
0.046875	0.0585938	0
0.0507812	0.0585938	0
0.0546875	0.0585938	0
0.0585938	0.0585938	0
0.0625	0.0585938	0
0.0664062	0.0585938	0
0.0703125	0.0585938	0
0.0742188	0.0585938	0
0.078125	0.0585938	0
0.0820312	0.0585938	0
0.0859375	0.0585938	0
0.0898438	0.0585938	0
0.09375	0.0585938	0
0.0976562	0.0585938	0
0.101562	0.0585938	1.44989e-20
0.105469	0.0585938	5.78754e-20
0.109375	0.0585938	8.56503e-18
0.113281	0.0585938	2.92984e-17
0.117188	0.0585938	2.05476e-16
0.121094	0.0585938	3.56811e-16
0.125	0.0585938	2.52971e-16

0	0.0625	0
0.00390625	0.0625	0
0.0078125	0.0625	0
0.0117188	0.0625	0
0.015625	0.0625	0
0.0195312	0.0625	0
0.0234375	0.0625	0
0.0273438	0.0625	0
0.03125	0.0625	0
0.0351562	0.0625	0
0.0390625	0.0625	0
0.0429688	0.0625	0
0.046875	0.0625	0
0.0507812	0.0625	0
0.0546875	0.0625	0
0.0585938	0.0625	0
0.0625	0.0625	0
0.0664062	0.0625	0
0.0703125	0.0625	0
0.0742188	0.0625	0
0.078125	0.0625	0
0.0820312	0.0625	0
0.0859375	0.0625	0
0.0898438	0.0625	0
0.09375	0.0625	0
0.0976562	0.0625	1.66296e-23
0.101562	0.0625	6.65182e-23
0.105469	0.0625	7.11506e-19
0.109375	0.0625	2.71638e-18
0.113281	0.0625	6.097e-17
0.117188	0.0625	1.71475e-16
0.121094	0.0625	4.51569e-16
0.125	0.0625	2.81828e-16

0	0.0664062	0
0.00390625	0.0664062	0
0.0078125	0.0664062	0
0.0117188	0.0664062	0
0.015625	0.0664062	0
0.0195312	0.0664062	0
0.0234375	0.0664062	0
0.0273438	0.0664062	0
0.03125	0.0664062	0
0.0351562	0.0664062	0
0.0390625	0.0664062	0
0.0429688	0.0664062	0
0.046875	0.0664062	0
0.0507812	0.0664062	0
0.0546875	0.0664062	0
0.0585938	0.0664062	0
0.0625	0.0664062	0
0.0664062	0.0664062	0
0.0703125	0.0664062	0
0.0742188	0.0664062	0
0.078125	0.0664062	0
0.0820312	0.0664062	0
0.0859375	0.0664062	0
0.0898438	0.0664062	0
0.09375	0.0664062	0
0.0976562	0.0664062	0
0.101562	0.0664062	1.79625e-20
0.105469	0.0664062	7.17013e-20
0.109375	0.0664062	1.06111e-17
0.113281	0.0664062	3.62975e-17
0.117188	0.0664062	2.54562e-16
0.121094	0.0664062	4.4205e-16
0.125	0.0664062	3.13403e-16

0	0.0703125	0
0.00390625	0.0703125	0
0.0078125	0.0703125	0
0.0117188	0.0703125	0
0.015625	0.0703125	0
0.0195312	0.0703125	0
0.0234375	0.0703125	0
0.0273438	0.0703125	0
0.03125	0.0703125	0
0.0351562	0.0703125	0
0.0390625	0.0703125	0
0.0429688	0.0703125	0
0.046875	0.0703125	0
0.0507812	0.0703125	0
0.0546875	0.0703125	0
0.0585938	0.0703125	0
0.0625	0.0703125	0
0.0664062	0.0703125	0
0.0703125	0.0703125	0
0.0742188	0.0703125	0
0.078125	0.0703125	0
0.0820312	0.0703125	0
0.0859375	0.0703125	0
0.0898438	0.0703125	0
0.09375	0.0703125	0
0.0976562	0.0703125	2.05342e-23
0.101562	0.0703125	8.21369e-23
0.105469	0.0703125	8.78569e-19
0.109375	0.0703125	3.35419e-18
0.113281	0.0703125	7.52859e-17
0.117188	0.0703125	2.11738e-16
0.121094	0.0703125	5.57598e-16
0.125	0.0703125	3.48002e-16

0	0.0742188	0
0.00390625	0.0742188	0
0.0078125	0.0742188	0
0.0117188	0.0742188	0
0.015625	0.0742188	0
0.0195312	0.0742188	0
0.0234375	0.0742188	0
0.0273438	0.0742188	0
0.03125	0.0742188	0
0.0351562	0.0742188	0
0.0390625	0.0742188	0
0.0429688	0.0742188	0
0.046875	0.0742188	0
0.0507812	0.0742188	0
0.0546875	0.0742188	0
0.0585938	0.0742188	0
0.0625	0.0742188	0
0.0664062	0.0742188	0
0.0703125	0.0742188	0
0.0742188	0.0742188	0
0.078125	0.0742188	0
0.0820312	0.0742188	0
0.0859375	0.0742188	0
0.0898438	0.0742188	0
0.09375	0.0742188	0
0.0976562	0.0742188	0
0.101562	0.0742188	2.21209e-20
0.105469	0.0742188	8.83004e-20
0.109375	0.0742188	1.30677e-17
0.113281	0.0742188	4.47006e-17
0.117188	0.0742188	3.13494e-16
0.121094	0.0742188	5.44386e-16
0.125	0.0742188	3.85957e-16

0	0.078125	0
0.00390625	0.078125	0
0.0078125	0.078125	0
0.0117188	0.078125	0
0.015625	0.078125	0
0.0195312	0.078125	0
0.0234375	0.078125	0
0.0273438	0.078125	0
0.03125	0.078125	0
0.0351562	0.078125	0
0.0390625	0.078125	0
0.0429688	0.078125	0
0.046875	0.078125	0
0.0507812	0.078125	0
0.0546875	0.078125	0
0.0585938	0.078125	0
0.0625	0.078125	0
0.0664062	0.078125	0
0.0703125	0.078125	0
0.0742188	0.078125	0
0.078125	0.078125	0
0.0820312	0.078125	0
0.0859375	0.078125	0
0.0898438	0.078125	0
0.09375	0.078125	0
0.0976562	0.078125	2.52331e-23
0.101562	0.078125	1.00932e-22
0.105469	0.078125	1.07961e-18
0.109375	0.078125	4.12174e-18
0.113281	0.078125	9.25137e-17
0.117188	0.078125	2.6019e-16
0.121094	0.078125	6.85194e-16
0.125	0.078125	4.27636e-16

0	0.0820312	0
0.00390625	0.0820312	0
0.0078125	0.0820312	0
0.0117188	0.0820312	0
0.015625	0.0820312	0
0.0195312	0.0820312	0
0.0234375	0.0820312	0
0.0273438	0.0820312	0
0.03125	0.0820312	0
0.0351562	0.0820312	0
0.0390625	0.0820312	0
0.0429688	0.0820312	0
0.046875	0.0820312	0
0.0507812	0.0820312	0
0.0546875	0.0820312	0
0.0585938	0.0820312	0
0.0625	0.0820312	0
0.0664062	0.0820312	0
0.0703125	0.0820312	0
0.0742188	0.0820312	0
0.078125	0.0820312	0
0.0820312	0.0820312	0
0.0859375	0.0820312	0
0.0898438	0.0820312	0
0.09375	0.0820312	0
0.0976562	0.0820312	0
0.101562	0.0820312	2.71348e-20
0.105469	0.0820312	1.08315e-19
0.109375	0.0820312	1.60296e-17
0.113281	0.0820312	5.48325e-17
0.117188	0.0820312	3.84551e-16
0.121094	0.0820312	6.67777e-16
0.125	0.0820312	4.73439e-16

0	0.0859375	0
0.00390625	0.0859375	0
0.0078125	0.0859375	0
0.0117188	0.0859375	0
0.015625	0.0859375	0
0.0195312	0.0859375	0
0.0234375	0.0859375	0
0.0273438	0.0859375	0
0.03125	0.0859375	0
0.0351562	0.0859375	0
0.0390625	0.0859375	0
0.0429688	0.0859375	0
0.046875	0.0859375	0
0.0507812	0.0859375	0
0.0546875	0.0859375	0
0.0585938	0.0859375	0
0.0625	0.0859375	0
0.0664062	0.0859375	0
0.0703125	0.0859375	0
0.0742188	0.0859375	0
0.078125	0.0859375	0
0.0820312	0.0859375	0
0.0859375	0.0859375	0
0.0898438	0.0859375	0
0.09375	0.0859375	0
0.0976562	0.0859375	3.09079e-23
0.101562	0.0859375	1.23632e-22
0.105469	0.0859375	1.32241e-18
0.109375	0.0859375	5.0487e-18
0.113281	0.0859375	1.1332e-16
0.117188	0.0859375	3.18706e-16
0.121094	0.0859375	8.39292e-16
0.125	0.0859375	5.23809e-16

0	0.0898438	0
0.00390625	0.0898438	0
0.0078125	0.0898438	0
0.0117188	0.0898438	0
0.015625	0.0898438	0
0.0195312	0.0898438	0
0.0234375	0.0898438	0
0.0273438	0.0898438	0
0.03125	0.0898438	0
0.0351562	0.0898438	0
0.0390625	0.0898438	0
0.0429688	0.0898438	0
0.046875	0.0898438	0
0.0507812	0.0898438	0
0.0546875	0.0898438	0
0.0585938	0.0898438	0
0.0625	0.0898438	0
0.0664062	0.0898438	0
0.0703125	0.0898438	0
0.0742188	0.0898438	0
0.078125	0.0898438	0
0.0820312	0.0898438	0
0.0859375	0.0898438	0
0.0898438	0.0898438	0
0.09375	0.0898438	0
0.0976562	0.0898438	0
0.101562	0.0898438	3.31983e-20
0.105469	0.0898438	1.32518e-19
0.109375	0.0898438	1.96115e-17
0.113281	0.0898438	6.70851e-17
0.117188	0.0898438	4.70482e-16
0.121094	0.0898438	8.16996e-16
0.125	0.0898438	5.79232e-16

0	0.09375	0
0.00390625	0.09375	0
0.0078125	0.09375	0
0.0117188	0.09375	0
0.015625	0.09375	0
0.0195312	0.09375	0
0.0234375	0.09375	0
0.0273438	0.09375	0
0.03125	0.09375	0
0.0351562	0.09375	0
0.0390625	0.09375	0
0.0429688	0.09375	0
0.046875	0.09375	0
0.0507812	0.09375	0
0.0546875	0.09375	0
0.0585938	0.09375	0
0.0625	0.09375	0
0.0664062	0.09375	0
0.0703125	0.09375	0
0.0742188	0.09375	0
0.078125	0.09375	0
0.0820312	0.09375	0
0.0859375	0.09375	0
0.0898438	0.09375	0
0.09375	0.09375	0
0.0976562	0.09375	3.77782e-23
0.101562	0.09375	1.51113e-22
0.105469	0.09375	1.61636e-18
0.109375	0.09375	6.17093e-18
0.113281	0.09375	1.38508e-16
0.117188	0.09375	3.89548e-16
0.121094	0.09375	1.02585e-15
0.125	0.09375	6.40242e-16

0	0.0976562	0
0.00390625	0.0976562	0
0.0078125	0.0976562	1.32493e-07
0.0117188	0.0976562	0
0.015625	0.0976562	2.59895e-07
0.0195312	0.0976562	0
0.0234375	0.0976562	3.77309e-07
0.0273438	0.0976562	0
0.03125	0.0976562	4.80224e-07
0.0351562	0.0976562	0
0.0390625	0.0976562	5.64683e-07
0.0429688	0.0976562	0
0.046875	0.0976562	6.27443e-07
0.0507812	0.0976562	0
0.0546875	0.0976562	6.66089e-07
0.0585938	0.0976562	0
0.0625	0.0976562	6.79139e-07
0.0664062	0.0976562	0
0.0703125	0.0976562	6.66089e-07
0.0742188	0.0976562	0
0.078125	0.0976562	6.27443e-07
0.0820312	0.0976562	0
0.0859375	0.0976562	5.64683e-07
0.0898438	0.0976562	0
0.09375	0.0976562	4.80224e-07
0.0976562	0.0976562	0
0.101562	0.0976562	3.77309e-07
0.105469	0.0976562	1.61847e-19
0.109375	0.0976562	2.59895e-07
0.113281	0.0976562	8.19324e-17
0.117188	0.0976562	1.32493e-07
0.121094	0.0976562	9.97814e-16
0.125	0.0976562	7.07428e-16

0	0.101562	0
0.00390625	0.101562	6.45923e-05
0.0078125	0.101562	5.29974e-07
0.0117188	0.101562	0.000191295
0.015625	0.101562	1.03958e-06
0.0195312	0.101562	0.000310646
0.0234375	0.101562	1.50924e-06
0.0273438	0.101562	0.000418059
0.03125	0.101562	1.9209e-06
0.0351562	0.101562	0.000509406
0.0390625	0.101562	2.25873e-06
0.0429688	0.101562	0.000581178
0.046875	0.101562	2.50977e-06
0.0507812	0.101562	0.000630614
0.0546875	0.101562	2.66436e-06
0.0585938	0.101562	0.000655817
0.0625	0.101562	2.71656e-06
0.0664062	0.101562	0.000655817
0.0703125	0.101562	2.66436e-06
0.0742188	0.101562	0.000630614
0.078125	0.101562	2.50977e-06
0.0820312	0.101562	0.000581178
0.0859375	0.101562	2.25873e-06
0.0898438	0.101562	0.000509406
0.09375	0.101562	1.9209e-06
0.0976562	0.101562	0.000418059
0.101562	0.101562	1.50924e-06
0.105469	0.101562	0.000310646
0.109375	0.101562	1.03958e-06
0.113281	0.101562	0.000191295
0.117188	0.101562	5.29974e-07
0.121094	0.101562	6.45923e-05
0.125	0.101562	7.81438e-16

0	0.105469	0
0.00390625	0.105469	0.000257839
0.0078125	0.105469	0.00565
0.0117188	0.105469	0.00076361
0.015625	0.105469	0.0110829
0.0195312	0.105469	0.00124003
0.0234375	0.105469	0.0160898
0.0273438	0.105469	0.00166881
0.03125	0.105469	0.0204785
0.0351562	0.105469	0.00203345
0.0390625	0.105469	0.0240802
0.0429688	0.105469	0.00231994
0.046875	0.105469	0.0267564
0.0507812	0.105469	0.00251728
0.0546875	0.105469	0.0284045
0.0585938	0.105469	0.00261789
0.0625	0.105469	0.028961
0.0664062	0.105469	0.00261789
0.0703125	0.105469	0.0284045
0.0742188	0.105469	0.00251728
0.078125	0.105469	0.0267564
0.0820312	0.105469	0.00231994
0.0859375	0.105469	0.0240802
0.0898438	0.105469	0.00203345
0.09375	0.105469	0.0204785
0.0976562	0.105469	0.00166881
0.101562	0.105469	0.0160898
0.105469	0.105469	0.00124003
0.109375	0.105469	0.0110829
0.113281	0.105469	0.00076361
0.117188	0.105469	0.00565
0.121094	0.105469	0.000257839
0.125	0.105469	8.62985e-16

0	0.109375	0
0.00390625	0.109375	0.0379755
0.0078125	0.109375	0.021578
0.0117188	0.109375	0.112467
0.015625	0.109375	0.0423268
0.0195312	0.109375	0.182637
0.0234375	0.109375	0.061449
0.0273438	0.109375	0.245787
0.03125	0.109375	0.0782098
0.0351562	0.109375	0.299493
0.0390625	0.109375	0.091965
0.0429688	0.109375	0.341689
0.046875	0.109375	0.102186
0.0507812	0.109375	0.370754
0.0546875	0.109375	0.10848
0.0585938	0.109375	0.385571
0.0625	0.109375	0.110605
0.0664062	0.109375	0.385571
0.0703125	0.109375	0.10848
0.0742188	0.109375	0.370754
0.078125	0.109375	0.102186
0.0820312	0.109375	0.341689
0.0859375	0.109375	0.091965
0.0898438	0.109375	0.299493
0.09375	0.109375	0.0782098
0.0976562	0.109375	0.245787
0.101562	0.109375	0.061449
0.105469	0.109375	0.182637
0.109375	0.109375	0.0423268
0.113281	0.109375	0.112467
0.117188	0.109375	0.021578
0.121094	0.109375	0.0379755
0.125	0.109375	9.52857e-16

0	0.113281	0
0.00390625	0.113281	0.130049
0.0078125	0.113281	0.481661
0.0117188	0.113281	0.385149
0.015625	0.113281	0.944812
0.0195312	0.113281	0.625448
0.0234375	0.113281	1.37165
0.0273438	0.113281	0.841712
0.03125	0.113281	1.74578
0.0351562	0.113281	1.02563
0.0390625	0.113281	2.05282
0.0429688	0.113281	1.17013
0.046875	0.113281	2.28098
0.0507812	0.113281	1.26967
0.0546875	0.113281	2.42147
0.0585938	0.113281	1.32041
0.0625	0.113281	2.46891
0.0664062	0.113281	1.32041
0.0703125	0.113281	2.42147
0.0742188	0.113281	1.26967
0.078125	0.113281	2.28098
0.0820312	0.113281	1.17013
0.0859375	0.113281	2.05282
0.0898438	0.113281	1.02563
0.09375	0.113281	1.74578
0.0976562	0.113281	0.841712
0.101562	0.113281	1.37165
0.105469	0.113281	0.625448
0.109375	0.113281	0.944812
0.113281	0.113281	0.385149
0.117188	0.113281	0.481661
0.121094	0.113281	0.130049
0.125	0.113281	1.05192e-15

0	0.117188	0
0.00390625	0.117188	0.907746
0.0078125	0.117188	1.35729
0.0117188	0.117188	2.68835
0.015625	0.117188	2.66243
0.0195312	0.117188	4.36565
0.0234375	0.117188	3.86524
0.0273438	0.117188	5.87518
0.03125	0.117188	4.91952
0.0351562	0.117188	7.15892
0.0390625	0.117188	5.78475
0.0429688	0.117188	8.16756
0.046875	0.117188	6.42767
0.0507812	0.117188	8.86231
0.0546875	0.117188	6.82357
0.0585938	0.117188	9.2165
0.0625	0.117188	6.95725
0.0664062	0.117188	9.2165
0.0703125	0.117188	6.82357
0.0742188	0.117188	8.86231
0.078125	0.117188	6.42767
0.0820312	0.117188	8.16756
0.0859375	0.117188	5.78475
0.0898438	0.117188	7.15892
0.09375	0.117188	4.91952
0.0976562	0.117188	5.87518
0.101562	0.117188	3.86524
0.105469	0.117188	4.36565
0.109375	0.117188	2.66243
0.113281	0.117188	2.68835
0.117188	0.117188	1.35729
0.121094	0.117188	0.907746
0.125	0.117188	1.16113e-15

0	0.121094	0
0.00390625	0.121094	1.58092
0.0078125	0.121094	3.5682
0.0117188	0.121094	4.68202
0.015625	0.121094	6.99928
0.0195312	0.121094	7.60319
0.0234375	0.121094	10.1614
0.0273438	0.121094	10.2322
0.03125	0.121094	12.933
0.0351562	0.121094	12.4679
0.0390625	0.121094	15.2076
0.0429688	0.121094	14.2246
0.046875	0.121094	16.8978
0.0507812	0.121094	15.4345
0.0546875	0.121094	17.9386
0.0585938	0.121094	16.0514
0.0625	0.121094	18.29
0.0664062	0.121094	16.0514
0.0703125	0.121094	17.9386
0.0742188	0.121094	15.4345
0.078125	0.121094	16.8978
0.0820312	0.121094	14.2246
0.0859375	0.121094	15.2076
0.0898438	0.121094	12.4679
0.09375	0.121094	12.933
0.0976562	0.121094	10.2322
0.101562	0.121094	10.1614
0.105469	0.121094	7.60319
0.109375	0.121094	6.99928
0.113281	0.121094	4.68202
0.117188	0.121094	3.5682
0.121094	0.121094	1.58092
0.125	0.121094	1.28154e-15

0	0.125	0
0.00390625	0.125	1.13197
0.0078125	0.125	2.25305
0.0117188	0.125	3.35242
0.015625	0.125	4.41951
0.0195312	0.125	5.44404
0.0234375	0.125	6.41614
0.0273438	0.125	7.32644
0.03125	0.125	8.16619
0.0351562	0.125	8.9273
0.0390625	0.125	9.60243
0.0429688	0.125	10.1851
0.046875	0.125	10.6696
0.0507812	0.125	11.0515
0.0546875	0.125	11.3268
0.0585938	0.125	11.4931
0.0625	0.125	11.5487
0.0664062	0.125	11.4931
0.0703125	0.125	11.3268
0.0742188	0.125	11.0515
0.078125	0.125	10.6696
0.0820312	0.125	10.1851
0.0859375	0.125	9.60243
0.0898438	0.125	8.9273
0.09375	0.125	8.16619
0.0976562	0.125	7.32644
0.101562	0.125	6.41614
0.105469	0.125	5.44404
0.109375	0.125	4.41951
0.113281	0.125	3.35242
0.117188	0.125	2.25305
0.121094	0.125	1.13197
0.125	0.125	1.41431e-15

