0	0	0
0.0625	0	0
0.125	0	0
0.1875	0	0
0.25	0	0
0.3125	0	0
0.375	0	0
0.4375	0	0
0.5	0	0
0.5625	0	0
0.625	0	0
0.6875	0	0
0.75	0	0
0.8125	0	0
0.875	0	0
0.9375	0	0
1	0	0

0	0.0625	0
0.0625	0.0625	0
0.125	0.0625	0
0.1875	0.0625	0
0.25	0.0625	0
0.3125	0.0625	0
0.375	0.0625	0
0.4375	0.0625	0
0.5	0.0625	0
0.5625	0.0625	0
0.625	0.0625	-1.85527e-22
0.6875	0.0625	7.42108e-22
0.75	0.0625	-8.82889e-21
0.8125	0.0625	9.26754e-21
0.875	0.0625	1.00524e-19
0.9375	0.0625	-1.70734e-19
1	0.0625	2.42007e-17

0	0.125	0
0.0625	0.125	0
0.125	0.125	0
0.1875	0.125	0
0.25	0.125	0
0.3125	0.125	0
0.375	0.125	0
0.4375	0.125	0
0.5	0.125	0
0.5625	0.125	0
0.625	0.125	0
0.6875	0.125	-7.09756e-21
0.75	0.125	2.67901e-20
0.8125	0.125	-2.31239e-21
0.875	0.125	3.39705e-19
0.9375	0.125	-6.83608e-19
1	0.125	4.93374e-17

0	0.1875	0
0.0625	0.1875	0
0.125	0.1875	0
0.1875	0.1875	0
0.25	0.1875	0
0.3125	0.1875	0
0.375	0.1875	0
0.4375	0.1875	0
0.5	0.1875	0
0.5625	0.1875	0
0.625	0.1875	-5.85562e-22
0.6875	0.1875	2.34225e-21
0.75	0.1875	4.00402e-20
0.8125	0.1875	-1.97571e-19
0.875	0.1875	8.25442e-19
0.9375	0.1875	-1.15464e-18
1	0.1875	7.63823e-17

0	0.25	0
0.0625	0.25	0
0.125	0.25	0
0.1875	0.25	0
0.25	0.25	0
0.3125	0.25	0
0.375	0.25	0
0.4375	0.25	0
0.5	0.25	0
0.5625	0.25	0
0.625	0.25	0
0.6875	0.25	-1.71271e-20
0.75	0.25	6.65423e-20
0.8125	0.25	-1.91046e-19
0.875	0.25	1.3007e-18
0.9375	0.25	-1.89318e-18
1	0.25	1.06382e-16

0	0.3125	0
0.0625	0.3125	0
0.125	0.3125	0
0.1875	0.3125	0
0.25	0.3125	0
0.3125	0.3125	0
0.375	0.3125	0
0.4375	0.3125	0
0.5	0.3125	0
0.5625	0.3125	0
0.625	0.3125	-1.07706e-21
0.6875	0.3125	4.30825e-21
0.75	0.3125	1.03231e-19
0.8125	0.3125	-4.58762e-19
0.875	0.3125	1.85407e-18
0.9375	0.3125	-2.48945e-18
1	0.3125	1.40495e-16

0	0.375	0
0.0625	0.375	0
0.125	0.375	0
0.1875	0.375	0
0.25	0.375	0
0.3125	0.375	0
0.375	0.375	0
0.4375	0.375	0
0.5	0.375	0
0.5625	0.375	0
0.625	0.375	0
0.6875	0.375	-2.98319e-20
0.75	0.375	1.16689e-19
0.8125	0.375	-4.19542e-19
0.875	0.375	2.48105e-18
0.9375	0.375	-3.4422e-18
1	0.375	1.80043e-16

0	0.4375	0
0.0625	0.4375	0
0.125	0.4375	0
0.1875	0.4375	0
0.25	0.4375	0
0.3125	0.4375	0
0.375	0.4375	0
0.4375	0.4375	0
0.5	0.4375	0
0.5625	0.4375	0
0.625	0.4375	-1.73681e-21
0.6875	0.4375	6.94723e-21
0.75	0.4375	1.82547e-19
0.8125	0.4375	-7.91614e-19
0.875	0.4375	3.17709e-18
0.9375	0.4375	-4.21607e-18
1	0.4375	2.26554e-16

0	0.5	0
0.0625	0.5	0
0.125	0.5	0
0.1875	0.5	0
0.25	0.5	0
0.3125	0.5	0
0.375	0.5	0
0.4375	0.5	0
0.5	0.5	0
0.5625	0.5	0
0.625	0.5	0
0.6875	0.5	-4.71966e-20
0.75	0.5	1.85062e-19
0.8125	0.5	-7.13571e-19
0.875	0.5	4.04895e-18
0.9375	0.5	-5.52964e-18
1	0.5	2.81828e-16

0	0.5625	0
0.0625	0.5625	0
0.125	0.5625	0
0.1875	0.5625	0
0.25	0.5625	0
0.3125	0.5625	0
0.375	0.5625	0
0.4375	0.5625	0
0.5	0.5625	0
0.5625	0.5625	0
0.625	0.5625	-2.66785e-21
0.6875	0.5625	1.06714e-20
0.75	0.5625	2.90377e-19
0.8125	0.5625	-1.24812e-18
0.875	0.5625	4.99639e-18
0.9375	0.5625	-6.60126e-18
1	0.5625	3.48002e-16

0	0.625	0
0.0625	0.625	-1.71066e-05
0.125	0.625	0
0.1875	0.625	-4.87155e-05
0.25	0.625	0
0.3125	0.625	-7.29079e-05
0.375	0.625	0
0.4375	0.625	-8.60008e-05
0.5	0.625	0
0.5625	0.625	-8.60008e-05
0.625	0.625	0
0.6875	0.625	-7.29079e-05
0.75	0.625	2.82344e-19
0.8125	0.625	-4.87155e-05
0.875	0.625	6.24932e-18
0.9375	0.625	-1.71066e-05
1	0.625	4.27636e-16

0	0.6875	0
0.0625	0.6875	6.84265e-05
0.125	0.6875	-0.000645858
0.1875	0.6875	0.000194862
0.25	0.6875	-0.00136744
0.3125	0.6875	0.000291632
0.375	0.6875	-0.00188084
0.4375	0.6875	0.000344003
0.5	0.6875	-0.00210791
0.5625	0.6875	0.000344003
0.625	0.6875	-0.00201406
0.6875	0.6875	0.000291632
0.75	0.6875	-0.00161359
0.8125	0.6875	0.000194862
0.875	0.6875	-0.000967463
0.9375	0.6875	6.84265e-05
1	0.6875	5.23809e-16

0	0.75	0
0.0625	0.75	-0.000759325
0.125	0.75	0.002457
0.1875	0.75	0.00402966
0.25	0.75	0.005373
0.3125	0.75	0.00896682
0.375	0.75	0.00747101
0.4375	0.75	0.0125389
0.5	0.75	0.00843162
0.5625	0.75	0.014202
0.625	0.75	0.0081086
0.6875	0.75	0.013703
0.75	0.75	0.00655112
0.8125	0.75	0.0111178
0.875	0.75	0.00399629
0.9375	0.75	0.00784418
1	0.75	6.40242e-16

0	0.8125	0
0.0625	0.8125	0.000648728
0.125	0.8125	-0.000621377
0.1875	0.8125	-0.0188398
0.25	0.8125	-0.0185499
0.3125	0.8125	-0.0376737
0.375	0.8125	-0.0345875
0.4375	0.8125	-0.0507721
0.5	0.8125	-0.0453594
0.5625	0.8125	-0.0561409
0.625	0.8125	-0.0492258
0.6875	0.8125	-0.0529627
0.75	0.8125	-0.045598
0.8125	0.8125	-0.0417215
0.875	0.8125	-0.0335751
0.9375	0.8125	-0.027312
1	0.8125	7.81438e-16

0	0.875	0
0.0625	0.875	0.00937914
0.125	0.875	0.0330213
0.1875	0.875	0.073875
0.25	0.875	0.114279
0.3125	0.875	0.143514
0.375	0.875	0.179658
0.4375	0.875	0.191753
0.5	0.875	0.217686
0.5625	0.875	0.210799
0.625	0.875	0.222572
0.6875	0.875	0.197753
0.75	0.875	0.193575
0.8125	0.875	0.155362
0.875	0.875	0.132477
0.9375	0.875	0.108212
1	0.875	9.52857e-16

0	0.9375	0
0.0625	0.9375	-0.0165685
0.125	0.9375	-0.0655173
0.1875	0.9375	-0.10481
0.25	0.9375	-0.160697
0.3125	0.9375	-0.193122
0.375	0.9375	-0.235523
0.4375	0.9375	-0.252309
0.5	0.9375	-0.274561
0.5625	0.9375	-0.273084
0.625	0.9375	-0.2718
0.6875	0.9375	-0.252284
0.75	0.9375	-0.227556
0.8125	0.9375	-0.193492
0.875	0.9375	-0.14465
0.9375	0.9375	-0.122153
1	0.9375	1.16113e-15

0	1	0
0.0625	1	2.25305
0.125	1	4.41951
0.1875	1	6.41614
0.25	1	8.16619
0.3125	1	9.60243
0.375	1	10.6696
0.4375	1	11.3268
0.5	1	11.5487
0.5625	1	11.3268
0.625	1	10.6696
0.6875	1	9.60243
0.75	1	8.16619
0.8125	1	6.41614
0.875	1	4.41951
0.9375	1	2.25305
1	1	1.41431e-15

