0	0	0
0.03125	0	0
0.0625	0	0
0.09375	0	0
0.125	0	0
0.15625	0	0
0.1875	0	0
0.21875	0	0
0.25	0	0
0.28125	0	0
0.3125	0	0
0.34375	0	0
0.375	0	0
0.40625	0	0
0.4375	0	0
0.46875	0	0
0.5	0	0
0.53125	0	0
0.5625	0	0
0.59375	0	0
0.625	0	0
0.65625	0	0
0.6875	0	0
0.71875	0	0
0.75	0	0
0.78125	0	0
0.8125	0	0
0.84375	0	0
0.875	0	0
0.90625	0	0
0.9375	0	0
0.96875	0	0
1	0	0

0	0.03125	0
0.03125	0.03125	0
0.0625	0.03125	0
0.09375	0.03125	0
0.125	0.03125	0
0.15625	0.03125	0
0.1875	0.03125	0
0.21875	0.03125	0
0.25	0.03125	0
0.28125	0.03125	0
0.3125	0.03125	0
0.34375	0.03125	0
0.375	0.03125	0
0.40625	0.03125	0
0.4375	0.03125	0
0.46875	0.03125	0
0.5	0.03125	0
0.53125	0.03125	0
0.5625	0.03125	0
0.59375	0.03125	0
0.625	0.03125	0
0.65625	0.03125	0
0.6875	0.03125	0
0.71875	0.03125	0
0.75	0.03125	0
0.78125	0.03125	0
0.8125	0.03125	0
0.84375	0.03125	0
0.875	0.03125	4.70401e-20
0.90625	0.03125	-1.8816e-19
0.9375	0.03125	1.89989e-19
0.96875	0.03125	-1.69346e-18
1	0.03125	1.20423e-17

0	0.0625	0
0.03125	0.0625	0
0.0625	0.0625	0
0.09375	0.0625	0
0.125	0.0625	0
0.15625	0.0625	0
0.1875	0.0625	0
0.21875	0.0625	0
0.25	0.0625	0
0.28125	0.0625	0
0.3125	0.0625	0
0.34375	0.0625	0
0.375	0.0625	0
0.40625	0.0625	0
0.4375	0.0625	0
0.46875	0.0625	0
0.5	0.0625	0
0.53125	0.0625	0
0.5625	0.0625	0
0.59375	0.0625	0
0.625	0.0625	0
0.65625	0.0625	0
0.6875	0.0625	0
0.71875	0.0625	0
0.75	0.0625	0
0.78125	0.0625	0
0.8125	0.0625	0
0.84375	0.0625	0
0.875	0.0625	0
0.90625	0.0625	-9.04371e-20
0.9375	0.0625	7.45347e-19
0.96875	0.0625	-4.53034e-18
1	0.0625	2.42007e-17

0	0.09375	0
0.03125	0.09375	0
0.0625	0.09375	0
0.09375	0.09375	0
0.125	0.09375	0
0.15625	0.09375	0
0.1875	0.09375	0
0.21875	0.09375	0
0.25	0.09375	0
0.28125	0.09375	0
0.3125	0.09375	0
0.34375	0.09375	0
0.375	0.09375	0
0.40625	0.09375	0
0.4375	0.09375	0
0.46875	0.09375	0
0.5	0.09375	0
0.53125	0.09375	0
0.5625	0.09375	0
0.59375	0.09375	0
0.625	0.09375	0
0.65625	0.09375	0
0.6875	0.09375	0
0.71875	0.09375	0
0.75	0.09375	0
0.78125	0.09375	0
0.8125	0.09375	0
0.84375	0.09375	0
0.875	0.09375	1.4294e-19
0.90625	0.09375	-5.71759e-19
0.9375	0.09375	1.23222e-18
0.96875	0.09375	-7.02745e-18
1	0.09375	3.65926e-17

0	0.125	0
0.03125	0.125	0
0.0625	0.125	0
0.09375	0.125	0
0.125	0.125	0
0.15625	0.125	0
0.1875	0.125	0
0.21875	0.125	0
0.25	0.125	0
0.28125	0.125	0
0.3125	0.125	0
0.34375	0.125	0
0.375	0.125	0
0.40625	0.125	0
0.4375	0.125	0
0.46875	0.125	0
0.5	0.125	0
0.53125	0.125	0
0.5625	0.125	0
0.59375	0.125	0
0.625	0.125	0
0.65625	0.125	0
0.6875	0.125	0
0.71875	0.125	0
0.75	0.125	0
0.78125	0.125	0
0.8125	0.125	0
0.84375	0.125	0
0.875	0.125	0
0.90625	0.125	-4.66613e-19
0.9375	0.125	2.27216e-18
0.96875	0.125	-1.02708e-17
1	0.125	4.93374e-17

0	0.15625	0
0.03125	0.15625	0
0.0625	0.15625	0
0.09375	0.15625	0
0.125	0.15625	0
0.15625	0.15625	0
0.1875	0.15625	0
0.21875	0.15625	0
0.25	0.15625	0
0.28125	0.15625	0
0.3125	0.15625	0
0.34375	0.15625	0
0.375	0.15625	0
0.40625	0.15625	0
0.4375	0.15625	0
0.46875	0.15625	0
0.5	0.15625	0
0.53125	0.15625	0
0.5625	0.15625	0
0.59375	0.15625	0
0.625	0.15625	0
0.65625	0.15625	0
0.6875	0.15625	0
0.71875	0.15625	0
0.75	0.15625	0
0.78125	0.15625	0
0.8125	0.15625	0
0.84375	0.15625	0
0.875	0.15625	2.44368e-19
0.90625	0.15625	-9.77471e-19
0.9375	0.15625	2.60435e-18
0.96875	0.15625	-1.30096e-17
1	0.15625	6.25581e-17

0	0.1875	0
0.03125	0.1875	0
0.0625	0.1875	0
0.09375	0.1875	0
0.125	0.1875	0
0.15625	0.1875	0
0.1875	0.1875	0
0.21875	0.1875	0
0.25	0.1875	0
0.28125	0.1875	0
0.3125	0.1875	0
0.34375	0.1875	0
0.375	0.1875	0
0.40625	0.1875	0
0.4375	0.1875	0
0.46875	0.1875	0
0.5	0.1875	0
0.53125	0.1875	0
0.5625	0.1875	0
0.59375	0.1875	0
0.625	0.1875	0
0.65625	0.1875	0
0.6875	0.1875	0
0.71875	0.1875	0
0.75	0.1875	0
0.78125	0.1875	0
0.8125	0.1875	0
0.84375	0.1875	0
0.875	0.1875	0
0.90625	0.1875	-8.60835e-19
0.9375	0.1875	3.88686e-18
0.96875	0.1875	-1.65025e-17
1	0.1875	7.63823e-17

0	0.21875	0
0.03125	0.21875	0
0.0625	0.21875	0
0.09375	0.21875	0
0.125	0.21875	0
0.15625	0.21875	0
0.1875	0.21875	0
0.21875	0.21875	0
0.25	0.21875	0
0.28125	0.21875	0
0.3125	0.21875	0
0.34375	0.21875	0
0.375	0.21875	0
0.40625	0.21875	0
0.4375	0.21875	0
0.46875	0.21875	0
0.5	0.21875	0
0.53125	0.21875	0
0.5625	0.21875	0
0.59375	0.21875	0
0.625	0.21875	0
0.65625	0.21875	0
0.6875	0.21875	0
0.71875	0.21875	0
0.75	0.21875	0
0.78125	0.21875	0
0.8125	0.21875	0
0.84375	0.21875	0
0.875	0.21875	3.55247e-19
0.90625	0.21875	-1.42099e-18
0.9375	0.21875	4.07721e-18
0.96875	0.21875	-1.94948e-17
1	0.21875	9.09433e-17

0	0.25	0
0.03125	0.25	0
0.0625	0.25	0
0.09375	0.25	0
0.125	0.25	0
0.15625	0.25	0
0.1875	0.25	0
0.21875	0.25	0
0.25	0.25	0
0.28125	0.25	0
0.3125	0.25	0
0.34375	0.25	0
0.375	0.25	0
0.40625	0.25	0
0.4375	0.25	0
0.46875	0.25	0
0.5	0.25	0
0.53125	0.25	0
0.5625	0.25	0
0.59375	0.25	0
0.625	0.25	0
0.65625	0.25	0
0.6875	0.25	0
0.71875	0.25	0
0.75	0.25	0
0.78125	0.25	0
0.8125	0.25	0
0.84375	0.25	0
0.875	0.25	0
0.90625	0.25	-1.28835e-18
0.9375	0.25	5.65189e-18
0.96875	0.25	-2.33726e-17
1	0.25	1.06382e-16

0	0.28125	0
0.03125	0.28125	0
0.0625	0.28125	0
0.09375	0.28125	0
0.125	0.28125	0
0.15625	0.28125	0
0.1875	0.28125	0
0.21875	0.28125	0
0.25	0.28125	0
0.28125	0.28125	0
0.3125	0.28125	0
0.34375	0.28125	0
0.375	0.28125	0
0.40625	0.28125	0
0.4375	0.28125	0
0.46875	0.28125	0
0.5	0.28125	0
0.53125	0.28125	0
0.5625	0.28125	0
0.59375	0.28125	0
0.625	0.28125	0
0.65625	0.28125	0
0.6875	0.28125	0
0.71875	0.28125	0
0.75	0.28125	0
0.78125	0.28125	0
0.8125	0.28125	0
0.84375	0.28125	0
0.875	0.28125	4.79867e-19
0.90625	0.28125	-1.91947e-18
0.9375	0.28125	5.70776e-18
0.96875	0.28125	-2.67341e-17
1	0.28125	1.22846e-16

0	0.3125	0
0.03125	0.3125	0
0.0625	0.3125	0
0.09375	0.3125	0
0.125	0.3125	0
0.15625	0.3125	0
0.1875	0.3125	0
0.21875	0.3125	0
0.25	0.3125	0
0.28125	0.3125	0
0.3125	0.3125	0
0.34375	0.3125	0
0.375	0.3125	0
0.40625	0.3125	0
0.4375	0.3125	0
0.46875	0.3125	0
0.5	0.3125	0
0.53125	0.3125	0
0.5625	0.3125	0
0.59375	0.3125	0
0.625	0.3125	0
0.65625	0.3125	0
0.6875	0.3125	0
0.71875	0.3125	0
0.75	0.3125	0
0.78125	0.3125	0
0.8125	0.3125	0
0.84375	0.3125	0
0.875	0.3125	0
0.90625	0.3125	-1.7657e-18
0.9375	0.3125	7.63552e-18
0.96875	0.3125	-3.11466e-17
1	0.3125	1.40495e-16

0	0.34375	0
0.03125	0.34375	0
0.0625	0.34375	0
0.09375	0.34375	0
0.125	0.34375	0
0.15625	0.34375	0
0.1875	0.34375	0
0.21875	0.34375	0
0.25	0.34375	0
0.28125	0.34375	0
0.3125	0.34375	0
0.34375	0.34375	0
0.375	0.34375	0
0.40625	0.34375	0
0.4375	0.34375	0
0.46875	0.34375	0
0.5	0.34375	0
0.53125	0.34375	0
0.5625	0.34375	0
0.59375	0.34375	0
0.625	0.34375	0
0.65625	0.34375	0
0.6875	0.34375	0
0.71875	0.34375	0
0.75	0.34375	0
0.78125	0.34375	0
0.8125	0.34375	0
0.84375	0.34375	0
0.875	0.34375	6.23046e-19
0.90625	0.34375	-2.49218e-18
0.9375	0.34375	7.55907e-18
0.96875	0.34375	-3.50074e-17
1	0.34375	1.595e-16

0	0.375	0
0.03125	0.375	0
0.0625	0.375	0
0.09375	0.375	0
0.125	0.375	0
0.15625	0.375	0
0.1875	0.375	0
0.21875	0.375	0
0.25	0.375	0
0.28125	0.375	0
0.3125	0.375	0
0.34375	0.375	0
0.375	0.375	0
0.40625	0.375	0
0.4375	0.375	0
0.46875	0.375	0
0.5	0.375	0
0.53125	0.375	0
0.5625	0.375	0
0.59375	0.375	0
0.625	0.375	0
0.65625	0.375	0
0.6875	0.375	0
0.71875	0.375	0
0.75	0.375	0
0.78125	0.375	0
0.8125	0.375	0
0.84375	0.375	0
0.875	0.375	0
0.90625	0.375	-2.31134e-18
0.9375	0.375	9.91447e-18
0.96875	0.375	-4.01253e-17
1	0.375	1.80043e-16

0	0.40625	0
0.03125	0.40625	0
0.0625	0.40625	0
0.09375	0.40625	0
0.125	0.40625	0
0.15625	0.40625	0
0.1875	0.40625	0
0.21875	0.40625	0
0.25	0.40625	0
0.28125	0.40625	0
0.3125	0.40625	0
0.34375	0.40625	0
0.375	0.40625	0
0.40625	0.40625	0
0.4375	0.40625	0
0.46875	0.40625	0
0.5	0.40625	0
0.53125	0.40625	0
0.5625	0.40625	0
0.59375	0.40625	0
0.625	0.40625	0
0.65625	0.40625	0
0.6875	0.40625	0
0.71875	0.40625	0
0.75	0.40625	0
0.78125	0.40625	0
0.8125	0.40625	0
0.84375	0.40625	0
0.875	0.40625	7.90323e-19
0.90625	0.40625	-3.16129e-18
0.9375	0.40625	9.70275e-18
0.96875	0.40625	-4.46347e-17
1	0.40625	2.02323e-16

0	0.4375	0
0.03125	0.4375	0
0.0625	0.4375	0
0.09375	0.4375	0
0.125	0.4375	0
0.15625	0.4375	0
0.1875	0.4375	0
0.21875	0.4375	0
0.25	0.4375	0
0.28125	0.4375	0
0.3125	0.4375	0
0.34375	0.4375	0
0.375	0.4375	0
0.40625	0.4375	0
0.4375	0.4375	0
0.46875	0.4375	0
0.5	0.4375	0
0.53125	0.4375	0
0.5625	0.4375	0
0.59375	0.4375	0
0.625	0.4375	0
0.65625	0.4375	0
0.6875	0.4375	0
0.71875	0.4375	0
0.75	0.4375	0
0.78125	0.4375	0
0.8125	0.4375	0
0.84375	0.4375	0
0.875	0.4375	0
0.90625	0.4375	-2.94637e-18
0.9375	0.4375	1.25769e-17
0.96875	0.4375	-5.06559e-17
1	0.4375	2.26554e-16

0	0.46875	0
0.03125	0.46875	0
0.0625	0.46875	0
0.09375	0.46875	0
0.125	0.46875	0
0.15625	0.46875	0
0.1875	0.46875	0
0.21875	0.46875	0
0.25	0.46875	0
0.28125	0.46875	0
0.3125	0.46875	0
0.34375	0.46875	0
0.375	0.46875	0
0.40625	0.46875	0
0.4375	0.46875	0
0.46875	0.46875	0
0.5	0.46875	0
0.53125	0.46875	0
0.5625	0.46875	0
0.59375	0.46875	0
0.625	0.46875	0
0.65625	0.46875	0
0.6875	0.46875	0
0.71875	0.46875	0
0.75	0.46875	0
0.78125	0.46875	0
0.8125	0.46875	0
0.84375	0.46875	0
0.875	0.46875	9.88168e-19
0.90625	0.46875	-3.95267e-18
0.9375	0.46875	1.22217e-17
0.96875	0.46875	-5.59883e-17
1	0.46875	2.52971e-16

0	0.5	0
0.03125	0.5	0
0.0625	0.5	0
0.09375	0.5	0
0.125	0.5	0
0.15625	0.5	0
0.1875	0.5	0
0.21875	0.5	0
0.25	0.5	0
0.28125	0.5	0
0.3125	0.5	0
0.34375	0.5	0
0.375	0.5	0
0.40625	0.5	0
0.4375	0.5	0
0.46875	0.5	0
0.5	0.5	0
0.53125	0.5	0
0.5625	0.5	0
0.59375	0.5	0
0.625	0.5	0
0.65625	0.5	0
0.6875	0.5	0
0.71875	0.5	0
0.75	0.5	0
0.78125	0.5	0
0.8125	0.5	0
0.84375	0.5	0
0.875	0.5	0
0.90625	0.5	-3.69537e-18
0.9375	0.5	1.57257e-17
0.96875	0.5	-6.31458e-17
1	0.5	2.81828e-16

0	0.53125	0
0.03125	0.53125	0
0.0625	0.53125	0
0.09375	0.53125	0
0.125	0.53125	0
0.15625	0.53125	0
0.1875	0.53125	0
0.21875	0.53125	0
0.25	0.53125	0
0.28125	0.53125	0
0.3125	0.53125	0
0.34375	0.53125	0
0.375	0.53125	0
0.40625	0.53125	0
0.4375	0.53125	0
0.46875	0.53125	0
0.5	0.53125	0
0.53125	0.53125	0
0.5625	0.53125	0
0.59375	0.53125	0
0.625	0.53125	0
0.65625	0.53125	0
0.6875	0.53125	0
0.71875	0.53125	0
0.75	0.53125	0
0.78125	0.53125	0
0.8125	0.53125	0
0.84375	0.53125	0
0.875	0.53125	1.22423e-18
0.90625	0.53125	-4.89693e-18
0.9375	0.53125	1.52134e-17
0.96875	0.53125	-6.95074e-17
1	0.53125	3.13403e-16

0	0.5625	0
0.03125	0.5625	0
0.0625	0.5625	0
0.09375	0.5625	0
0.125	0.5625	0
0.15625	0.5625	0
0.1875	0.5625	0
0.21875	0.5625	0
0.25	0.5625	0
0.28125	0.5625	0
0.3125	0.5625	0
0.34375	0.5625	0
0.375	0.5625	0
0.40625	0.5625	0
0.4375	0.5625	0
0.46875	0.5625	0
0.5	0.5625	0
0.53125	0.5625	0
0.5625	0.5625	0
0.59375	0.5625	0
0.625	0.5625	0
0.65625	0.5625	0
0.6875	0.5625	0
0.71875	0.5625	0
0.75	0.5625	0
0.78125	0.5625	0
0.8125	0.5625	0
0.84375	0.5625	0
0.875	0.5625	0
0.90625	0.5625	-4.58729e-18
0.9375	0.5625	1.94828e-17
0.96875	0.5625	-7.80779e-17
1	0.5625	3.48002e-16

0	0.59375	0
0.03125	0.59375	0
0.0625	0.59375	0
0.09375	0.59375	0
0.125	0.59375	0
0.15625	0.59375	0
0.1875	0.59375	0
0.21875	0.59375	0
0.25	0.59375	0
0.28125	0.59375	0
0.3125	0.59375	0
0.34375	0.59375	0
0.375	0.59375	0
0.40625	0.59375	0
0.4375	0.59375	0
0.46875	0.59375	0
0.5	0.59375	0
0.53125	0.59375	0
0.5625	0.59375	0
0.59375	0.59375	0
0.625	0.59375	0
0.65625	0.59375	0
0.6875	0.59375	0
0.71875	0.59375	0
0.75	0.59375	0
0.78125	0.59375	0
0.8125	0.59375	0
0.84375	0.59375	0
0.875	0.59375	1.50765e-18
0.90625	0.59375	-6.03058e-18
0.9375	0.59375	1.87934e-17
0.96875	0.59375	-8.57149e-17
1	0.59375	3.85957e-16

0	0.625	0
0.03125	0.625	0
0.0625	0.625	0
0.09375	0.625	0
0.125	0.625	0
0.15625	0.625	0
0.1875	0.625	0
0.21875	0.625	0
0.25	0.625	0
0.28125	0.625	0
0.3125	0.625	0
0.34375	0.625	0
0.375	0.625	0
0.40625	0.625	0
0.4375	0.625	0
0.46875	0.625	0
0.5	0.625	0
0.53125	0.625	0
0.5625	0.625	0
0.59375	0.625	0
0.625	0.625	0
0.65625	0.625	0
0.6875	0.625	0
0.71875	0.625	0
0.75	0.625	0
0.78125	0.625	0
0.8125	0.625	0
0.84375	0.625	0
0.875	0.625	0
0.90625	0.625	-5.65663e-18
0.9375	0.625	2.39934e-17
0.96875	0.625	-9.60299e-17
1	0.625	4.27636e-16

0	0.65625	0
0.03125	0.65625	0
0.0625	0.65625	0
0.09375	0.65625	0
0.125	0.65625	0
0.15625	0.65625	0
0.1875	0.65625	0
0.21875	0.65625	0
0.25	0.65625	0
0.28125	0.65625	0
0.3125	0.65625	0
0.34375	0.65625	0
0.375	0.65625	0
0.40625	0.65625	0
0.4375	0.65625	0
0.46875	0.65625	0
0.5	0.65625	0
0.53125	0.65625	0
0.5625	0.65625	0
0.59375	0.65625	0
0.625	0.65625	0
0.65625	0.65625	0
0.6875	0.65625	0
0.71875	0.65625	0
0.75	0.65625	0
0.78125	0.65625	0
0.8125	0.65625	0
0.84375	0.65625	0
0.875	0.65625	1.84937e-18
0.90625	0.65625	-7.39748e-18
0.9375	0.65625	2.31004e-17
0.96875	0.65625	-1.05238e-16
1	0.65625	4.73439e-16

0	0.6875	0
0.03125	0.6875	0
0.0625	0.6875	0
0.09375	0.6875	0
0.125	0.6875	0
0.15625	0.6875	0
0.1875	0.6875	0
0.21875	0.6875	0
0.25	0.6875	0
0.28125	0.6875	0
0.3125	0.6875	0
0.34375	0.6875	0
0.375	0.6875	0
0.40625	0.6875	0
0.4375	0.6875	0
0.46875	0.6875	0
0.5	0.6875	0
0.53125	0.6875	0
0.5625	0.6875	0
0.59375	0.6875	0
0.625	0.6875	0
0.65625	0.6875	0
0.6875	0.6875	0
0.71875	0.6875	0
0.75	0.6875	0
0.78125	0.6875	0
0.8125	0.6875	0
0.84375	0.6875	0
0.875	0.6875	0
0.90625	0.6875	-6.94475e-18
0.9375	0.6875	2.9432e-17
0.96875	0.6875	-1.17696e-16
1	0.6875	5.23809e-16

0	0.71875	0
0.03125	0.71875	0
0.0625	0.71875	0
0.09375	0.71875	0
0.125	0.71875	0
0.15625	0.71875	0
0.1875	0.71875	0
0.21875	0.71875	0
0.25	0.71875	0
0.28125	0.71875	0
0.3125	0.71875	0
0.34375	0.71875	0
0.375	0.71875	0
0.40625	0.71875	0
0.4375	0.71875	0
0.46875	0.71875	0
0.5	0.71875	0
0.53125	0.71875	0
0.5625	0.71875	0
0.59375	0.71875	0
0.625	0.71875	0
0.65625	0.71875	0
0.6875	0.71875	0
0.71875	0.71875	0
0.75	0.71875	0
0.78125	0.71875	0
0.8125	0.71875	0
0.84375	0.71875	0
0.875	0.71875	2.26262e-18
0.90625	0.71875	-9.0505e-18
0.9375	0.71875	2.83007e-17
0.96875	0.71875	-1.2883e-16
1	0.71875	5.79232e-16

0	0.75	0
0.03125	0.75	0
0.0625	0.75	0
0.09375	0.75	0
0.125	0.75	0
0.15625	0.75	0
0.1875	0.75	0
0.21875	0.75	0
0.25	0.75	0
0.28125	0.75	0
0.3125	0.75	0
0.34375	0.75	0
0.375	0.75	0
0.40625	0.75	0
0.4375	0.75	0
0.46875	0.75	0
0.5	0.75	0
0.53125	0.75	0
0.5625	0.75	0
0.59375	0.75	0
0.625	0.75	0
0.65625	0.75	0
0.6875	0.75	0
0.71875	0.75	0
0.75	0.75	0
0.78125	0.75	0
0.8125	0.75	0
0.84375	0.75	0
0.875	0.75	0
0.90625	0.75	-8.50148e-18
0.9375	0.75	3.6009e-17
0.96875	0.75	-1.43914e-16
1	0.75	6.40242e-16

0	0.78125	0
0.03125	0.78125	0
0.0625	0.78125	0
0.09375	0.78125	0
0.125	0.78125	0
0.15625	0.78125	0
0.1875	0.78125	0
0.21875	0.78125	0
0.25	0.78125	0
0.28125	0.78125	0
0.3125	0.78125	0
0.34375	0.78125	0
0.375	0.78125	0
0.40625	0.78125	0
0.4375	0.78125	0
0.46875	0.78125	0
0.5	0.78125	0
0.53125	0.78125	0
0.5625	0.78125	0
0.59375	0.78125	0
0.625	0.78125	0
0.65625	0.78125	0
0.6875	0.78125	0
0.71875	0.78125	0
0.75	0.78125	0
0.78125	0.78125	0
0.8125	0.78125	0
0.84375	0.78125	0
0.875	0.78125	2.76339e-18
0.90625	0.78125	-1.10536e-17
0.9375	0.78125	3.45957e-17
0.96875	0.78125	-1.57406e-16
1	0.78125	7.07428e-16

0	0.8125	0
0.03125	0.8125	0
0.0625	0.8125	0
0.09375	0.8125	0
0.125	0.8125	0
0.15625	0.8125	0
0.1875	0.8125	0
0.21875	0.8125	0
0.25	0.8125	0
0.28125	0.8125	0
0.3125	0.8125	0
0.34375	0.8125	0
0.375	0.8125	0
0.40625	0.8125	0
0.4375	0.8125	0
0.46875	0.8125	0
0.5	0.8125	0
0.53125	0.8125	0
0.5625	0.8125	0
0.59375	0.8125	0
0.625	0.8125	0
0.65625	0.8125	0
0.6875	0.8125	0
0.71875	0.8125	0
0.75	0.8125	0
0.78125	0.8125	0
0.8125	0.8125	0
0.84375	0.8125	0
0.875	0.8125	0
0.90625	0.8125	-1.0387e-17
0.9375	0.8125	4.39787e-17
0.96875	0.8125	-1.75699e-16
1	0.8125	7.81438e-16

0	0.84375	0
0.03125	0.84375	0
0.0625	0.84375	0
0.09375	0.84375	0
0.125	0.84375	0
0.15625	0.84375	0
0.1875	0.84375	0
0.21875	0.84375	0
0.25	0.84375	0
0.28125	0.84375	0
0.3125	0.84375	0
0.34375	0.84375	0
0.375	0.84375	0
0.40625	0.84375	0
0.4375	0.84375	0
0.46875	0.84375	0
0.5	0.84375	0
0.53125	0.84375	0
0.5625	0.84375	0
0.59375	0.84375	0
0.625	0.84375	0
0.65625	0.84375	0
0.6875	0.84375	0
0.71875	0.84375	0
0.75	0.84375	0
0.78125	0.84375	0
0.8125	0.84375	0
0.84375	0.84375	0
0.875	0.84375	3.37104e-18
0.90625	0.84375	-1.34841e-17
0.9375	0.84375	4.22288e-17
0.96875	0.84375	-1.9207e-16
1	0.84375	8.62985e-16

0	0.875	0
0.03125	0.875	0.00442178
0.0625	0.875	0
0.09375	0.875	0.0130954
0.125	0.875	0
0.15625	0.875	0.0212658
0.1875	0.875	0
0.21875	0.875	0.0286189
0.25	0.875	0
0.28125	0.875	0.0348723
0.3125	0.875	0
0.34375	0.875	0.0397855
0.375	0.875	0
0.40625	0.875	0.0431697
0.4375	0.875	0
0.46875	0.875	0.044895
0.5	0.875	0
0.53125	0.875	0.044895
0.5625	0.875	0
0.59375	0.875	0.0431697
0.625	0.875	0
0.65625	0.875	0.0397855
0.6875	0.875	0
0.71875	0.875	0.0348723
0.75	0.875	0
0.78125	0.875	0.0286189
0.8125	0.875	0
0.84375	0.875	0.0212658
0.875	0.875	0
0.90625	0.875	0.0130954
0.9375	0.875	5.36493e-17
0.96875	0.875	0.00442178
1	0.875	9.52857e-16

0	0.90625	0
0.03125	0.90625	-0.0176871
0.0625	0.90625	-0.00918299
0.09375	0.90625	-0.0523816
0.125	0.90625	-0.0445437
0.15625	0.90625	-0.0850631
0.1875	0.90625	-0.0781927
0.21875	0.90625	-0.114476
0.25	0.90625	-0.108837
0.28125	0.90625	-0.139489
0.3125	0.90625	-0.135298
0.34375	0.90625	-0.159142
0.375	0.90625	-0.15656
0.40625	0.90625	-0.172679
0.4375	0.90625	-0.171806
0.46875	0.90625	-0.17958
0.5	0.90625	-0.180449
0.53125	0.90625	-0.17958
0.5625	0.90625	-0.182158
0.59375	0.90625	-0.172679
0.625	0.90625	-0.176866
0.65625	0.90625	-0.159142
0.6875	0.90625	-0.164778
0.71875	0.90625	-0.139489
0.75	0.90625	-0.146357
0.78125	0.90625	-0.114476
0.8125	0.90625	-0.122312
0.84375	0.90625	-0.0850631
0.875	0.90625	-0.093566
0.90625	0.90625	-0.0523816
0.9375	0.90625	-0.0612247
0.96875	0.90625	-0.0176871
1	0.90625	1.05192e-15

0	0.9375	0
0.03125	0.9375	0.017518
0.0625	0.9375	0.0714265
0.09375	0.9375	0.114124
0.125	0.9375	0.210856
0.15625	0.9375	0.232875
0.1875	0.9375	0.342183
0.21875	0.9375	0.342676
0.25	0.9375	0.46036
0.28125	0.9375	0.439309
0.3125	0.9375	0.560846
0.34375	0.9375	0.519059
0.375	0.9375	0.639779
0.40625	0.9375	0.578862
0.4375	0.9375	0.694125
0.46875	0.9375	0.61642
0.5	0.9375	0.721796
0.53125	0.9375	0.630289
0.5625	0.9375	0.721729
0.59375	0.9375	0.619937
0.625	0.9375	0.693927
0.65625	0.9375	0.58576
0.6875	0.9375	0.639457
0.71875	0.9375	0.529073
0.75	0.9375	0.560414
0.78125	0.9375	0.452055
0.8125	0.9375	0.459834
0.84375	0.9375	0.357664
0.875	0.9375	0.341582
0.90625	0.9375	0.249528
0.9375	0.9375	0.210204
0.96875	0.9375	0.158333
1	0.9375	1.16113e-15

0	0.96875	0
0.03125	0.96875	-0.159186
0.0625	0.96875	-0.423125
0.09375	0.96875	-0.648307
0.125	0.96875	-0.927268
0.15625	0.96875	-1.14789
0.1875	0.96875	-1.40462
0.21875	0.96875	-1.60336
0.25	0.96875	-1.82799
0.28125	0.96875	-1.99721
0.3125	0.96875	-2.18112
0.34375	0.96875	-2.31431
0.375	0.96875	-2.45043
0.40625	0.96875	-2.54247
0.4375	0.96875	-2.62556
0.46875	0.96875	-2.67293
0.5	0.96875	-2.6998
0.53125	0.96875	-2.70067
0.5625	0.96875	-2.67029
0.59375	0.96875	-2.62462
0.625	0.96875	-2.53816
0.65625	0.96875	-2.44771
0.6875	0.96875	-2.30849
0.71875	0.96875	-2.17674
0.75	0.96875	-1.9901
0.78125	0.96875	-1.82211
0.8125	0.96875	-1.59524
0.84375	0.96875	-1.39747
0.875	0.96875	-1.13907
0.90625	0.96875	-0.919115
0.9375	0.96875	-0.630285
0.96875	0.96875	-0.440816
1	0.96875	1.28154e-15

0	1	0
0.03125	1	1.13197
0.0625	1	2.25305
0.09375	1	3.35242
0.125	1	4.41951
0.15625	1	5.44404
0.1875	1	6.41614
0.21875	1	7.32644
0.25	1	8.16619
0.28125	1	8.9273
0.3125	1	9.60243
0.34375	1	10.1851
0.375	1	10.6696
0.40625	1	11.0515
0.4375	1	11.3268
0.46875	1	11.4931
0.5	1	11.5487
0.53125	1	11.4931
0.5625	1	11.3268
0.59375	1	11.0515
0.625	1	10.6696
0.65625	1	10.1851
0.6875	1	9.60243
0.71875	1	8.9273
0.75	1	8.16619
0.78125	1	7.32644
0.8125	1	6.41614
0.84375	1	5.44404
0.875	1	4.41951
0.90625	1	3.35242
0.9375	1	2.25305
0.96875	1	1.13197
1	1	1.41431e-15

