0	0	0
0.03125	0	0
0.0625	0	0
0.09375	0	699.604
0.125	0	0
0.15625	0	17283.3
0.1875	0	28135.4
0.21875	0	48660.8
0.25	0	0
0.28125	0	54493.9
0.3125	0	96402.6
0.34375	0	128470
0.375	0	215375
0.40625	0	221778
0.4375	0	258945
0.46875	0	246194
0.5	0	0
0.53125	0	103714
0.5625	0	167334
0.59375	0	199566
0.625	0	215694
0.65625	0	243038
0.6875	0	291152
0.71875	0	274929
0.75	0	21.6539
0.78125	0	99114.8
0.8125	0	142203
0.84375	0	171490
0.875	0	215869
0.90625	0	208358
0.9375	0	221856
0.96875	0	186616
1	0	0

0	0.03125	0
0.03125	0.03125	358.377
0.0625	0.03125	29.5554
0.09375	0.03125	8998.81
0.125	0.03125	14101.5
0.15625	0.03125	32964.4
0.1875	0.03125	14231.8
0.21875	0.03125	51624.2
0.25	0.03125	48306.9
0.28125	0.03125	91535.9
0.3125	0.03125	155748
0.34375	0.03125	175095
0.375	0.03125	237000
0.40625	0.03125	233922
0.4375	0.03125	130006
0.46875	0.03125	175131
0.5	0.03125	84019.7
0.53125	0.03125	151748
0.5625	0.03125	191562
0.59375	0.03125	221342
0.625	0.03125	253360
0.65625	0.03125	258939
0.6875	0.03125	146191
0.71875	0.03125	187224
0.75	0.03125	71539.5
0.78125	0.03125	135426
0.8125	0.03125	179018
0.84375	0.03125	189941
0.875	0.03125	218762
0.90625	0.03125	197443
0.9375	0.03125	111239
0.96875	0.03125	93400.1
1	0.03125	1.20423e-17

0	0.0625	0
0.03125	0.0625	29.5457
0.0625	0.0625	1454.45
0.09375	0.0625	18006.9
0.125	0.0625	34570.2
0.15625	0.0625	51140
0.1875	0.0625	69180.5
0.21875	0.0625	102193
0.25	0.0625	109007
0.28125	0.0625	157553
0.3125	0.0625	160618
0.34375	0.0625	208477
0.375	0.0625	228181
0.40625	0.0625	265673
0.4375	0.0625	233475
0.46875	0.0625	286988
0.5	0.0625	207509
0.53125	0.0625	285714
0.5625	0.0625	231925
0.59375	0.0625	300670
0.625	0.0625	270416
0.65625	0.0625	322630
0.6875	0.0625	258732
0.71875	0.0625	309383
0.75	0.0625	198299
0.78125	0.0625	265485
0.8125	0.0625	200853
0.84375	0.0625	241650
0.875	0.0625	200867
0.90625	0.0625	217894
0.9375	0.0625	151327
0.96875	0.0625	147735
1	0.0625	2.42007e-17

0	0.09375	699.604
0.03125	0.09375	8995.72
0.0625	0.09375	18013
0.09375	0.09375	34570.2
0.125	0.09375	51899.8
0.15625	0.09375	76682.6
0.1875	0.09375	89138.2
0.21875	0.09375	129901
0.25	0.09375	134849
0.28125	0.09375	183052
0.3125	0.09375	194440
0.34375	0.09375	237149
0.375	0.09375	230952
0.40625	0.09375	276487
0.4375	0.09375	220745
0.46875	0.09375	286576
0.5	0.09375	219966
0.53125	0.09375	293409
0.5625	0.09375	251387
0.59375	0.09375	311875
0.625	0.09375	264831
0.65625	0.09375	316280
0.6875	0.09375	228864
0.71875	0.09375	287741
0.75	0.09375	199878
0.78125	0.09375	253825
0.8125	0.09375	201074
0.84375	0.09375	229996
0.875	0.09375	176317
0.90625	0.09375	183099
0.9375	0.09375	76031.2
0.96875	0.09375	74079
1	0.09375	3.65926e-17

0	0.125	0
0.03125	0.125	14101.4
0.0625	0.125	34557.8
0.09375	0.125	51869.2
0.125	0.125	67752.1
0.15625	0.125	101527
0.1875	0.125	135288
0.21875	0.125	166682
0.25	0.125	206178
0.28125	0.125	245811
0.3125	0.125	256420
0.34375	0.125	305879
0.375	0.125	303394
0.40625	0.125	359655
0.4375	0.125	340975
0.46875	0.125	401599
0.5	0.125	364426
0.53125	0.125	427678
0.5625	0.125	369827
0.59375	0.125	438435
0.625	0.125	375335
0.65625	0.125	435472
0.6875	0.125	360687
0.71875	0.125	417686
0.75	0.125	333283
0.78125	0.125	378405
0.8125	0.125	282857
0.84375	0.125	322020
0.875	0.125	235339
0.90625	0.125	256052
0.9375	0.125	144824
0.96875	0.125	168184
1	0.125	4.93374e-17

0	0.15625	17276.9
0.03125	0.15625	32948.9
0.0625	0.15625	51133.8
0.09375	0.15625	76670.7
0.125	0.15625	101520
0.15625	0.15625	134108
0.1875	0.15625	170756
0.21875	0.15625	206276
0.25	0.15625	231350
0.28125	0.15625	275914
0.3125	0.15625	280006
0.34375	0.15625	332892
0.375	0.15625	322356
0.40625	0.15625	380831
0.4375	0.15625	352943
0.46875	0.15625	414903
0.5	0.15625	367406
0.53125	0.15625	433350
0.5625	0.15625	372883
0.59375	0.15625	437274
0.625	0.15625	368348
0.65625	0.15625	426941
0.6875	0.15625	347352
0.71875	0.15625	398424
0.75	0.15625	308429
0.78125	0.15625	350575
0.8125	0.15625	259439
0.84375	0.15625	289391
0.875	0.15625	190431
0.90625	0.15625	212523
0.9375	0.15625	72854.2
0.96875	0.15625	84361.8
1	0.15625	6.25581e-17

0	0.1875	28135.4
0.03125	0.1875	14231.9
0.0625	0.1875	69131.7
0.09375	0.1875	89120.3
0.125	0.1875	135302
0.15625	0.1875	170816
0.1875	0.1875	198124
0.21875	0.1875	241878
0.25	0.1875	285539
0.28125	0.1875	333905
0.3125	0.1875	355523
0.34375	0.1875	409133
0.375	0.1875	416249
0.40625	0.1875	479644
0.4375	0.1875	462709
0.46875	0.1875	524828
0.5	0.1875	491490
0.53125	0.1875	561018
0.5625	0.1875	507633
0.59375	0.1875	568064
0.625	0.1875	496276
0.65625	0.1875	561086
0.6875	0.1875	475422
0.71875	0.1875	525569
0.75	0.1875	424246
0.78125	0.1875	474857
0.8125	0.1875	361848
0.84375	0.1875	391592
0.875	0.1875	277451
0.90625	0.1875	298337
0.9375	0.1875	192415
0.96875	0.1875	189532
1	0.1875	7.63823e-17

0	0.21875	48635.3
0.03125	0.21875	51615.2
0.0625	0.21875	102177
0.09375	0.21875	129923
0.125	0.21875	166692
0.15625	0.21875	206331
0.1875	0.21875	241834
0.21875	0.21875	287906
0.25	0.21875	320573
0.28125	0.21875	371589
0.3125	0.21875	385986
0.34375	0.21875	444522
0.375	0.21875	439642
0.40625	0.21875	502439
0.4375	0.21875	477325
0.46875	0.21875	543187
0.5	0.21875	499839
0.53125	0.21875	564856
0.5625	0.21875	502275
0.59375	0.21875	564931
0.625	0.21875	486206
0.65625	0.21875	543719
0.6875	0.21875	450218
0.71875	0.21875	500627
0.75	0.21875	393444
0.78125	0.21875	433647
0.8125	0.21875	320052
0.84375	0.21875	345395
0.875	0.21875	235349
0.90625	0.21875	244415
0.9375	0.21875	96718.2
0.96875	0.21875	95079.5
1	0.21875	9.09433e-17

0	0.25	0
0.03125	0.25	48378.4
0.0625	0.25	109021
0.09375	0.25	134855
0.125	0.25	206287
0.15625	0.25	231502
0.1875	0.25	285636
0.21875	0.25	320755
0.25	0.25	382349
0.28125	0.25	422747
0.3125	0.25	462939
0.34375	0.25	516630
0.375	0.25	543364
0.40625	0.25	592325
0.4375	0.25	587397
0.46875	0.25	649644
0.5	0.25	631101
0.53125	0.25	681298
0.5625	0.25	629136
0.59375	0.25	689768
0.625	0.25	626609
0.65625	0.25	670304
0.6875	0.25	576486
0.71875	0.25	626568
0.75	0.25	526263
0.78125	0.25	554049
0.8125	0.25	422135
0.84375	0.25	450729
0.875	0.25	320045
0.90625	0.25	336321
0.9375	0.25	187650
0.96875	0.25	212158
1	0.25	1.06382e-16

0	0.28125	54500.5
0.03125	0.28125	91574.9
0.0625	0.28125	157615
0.09375	0.28125	183131
0.125	0.28125	245916
0.15625	0.28125	276086
0.1875	0.28125	333961
0.21875	0.28125	371737
0.25	0.28125	422652
0.28125	0.28125	469735
0.3125	0.28125	503219
0.34375	0.28125	554593
0.375	0.28125	565513
0.40625	0.28125	621168
0.4375	0.28125	609445
0.46875	0.28125	665719
0.5	0.28125	630373
0.53125	0.28125	685840
0.5625	0.28125	628179
0.59375	0.28125	680394
0.625	0.28125	601900
0.65625	0.28125	648838
0.6875	0.28125	551765
0.71875	0.28125	590744
0.75	0.28125	474617
0.78125	0.28125	502843
0.8125	0.28125	371527
0.84375	0.28125	393992
0.875	0.28125	254302
0.90625	0.28125	274762
0.9375	0.28125	94388.6
0.96875	0.28125	106422
1	0.28125	1.22846e-16

0	0.3125	96550.1
0.03125	0.3125	155824
0.0625	0.3125	160617
0.09375	0.3125	194518
0.125	0.3125	256620
0.15625	0.3125	280311
0.1875	0.3125	355804
0.21875	0.3125	386382
0.25	0.3125	463152
0.28125	0.3125	503596
0.3125	0.3125	570452
0.34375	0.3125	606163
0.375	0.3125	641547
0.40625	0.3125	690651
0.4375	0.3125	712279
0.46875	0.3125	749343
0.5	0.3125	732000
0.53125	0.3125	782475
0.5625	0.3125	751013
0.59375	0.3125	784563
0.625	0.3125	714701
0.65625	0.3125	758764
0.6875	0.3125	677429
0.71875	0.3125	700861
0.75	0.3125	582670
0.78125	0.3125	614189
0.8125	0.3125	480192
0.84375	0.3125	494734
0.875	0.3125	353505
0.90625	0.3125	364181
0.9375	0.3125	237775
0.96875	0.3125	227196
1	0.3125	1.40495e-16

0	0.34375	128541
0.03125	0.34375	175171
0.0625	0.34375	208577
0.09375	0.34375	237341
0.125	0.34375	306122
0.15625	0.34375	333248
0.1875	0.34375	409388
0.21875	0.34375	444920
0.25	0.34375	516750
0.28125	0.34375	554874
0.3125	0.34375	606009
0.34375	0.34375	648473
0.375	0.34375	676989
0.40625	0.34375	720135
0.4375	0.34375	722282
0.46875	0.34375	766116
0.5	0.34375	741714
0.53125	0.34375	783792
0.5625	0.34375	733125
0.59375	0.34375	771996
0.625	0.34375	696388
0.65625	0.34375	730199
0.6875	0.34375	630424
0.71875	0.34375	657956
0.75	0.34375	531848
0.78125	0.34375	554924
0.8125	0.34375	417298
0.84375	0.34375	429951
0.875	0.34375	296120
0.90625	0.34375	296250
0.9375	0.34375	119493
0.96875	0.34375	113967
1	0.34375	1.595e-16

0	0.375	215375
0.03125	0.375	237289
0.0625	0.375	228341
0.09375	0.375	231145
0.125	0.375	303809
0.15625	0.375	322861
0.1875	0.375	416777
0.21875	0.375	440321
0.25	0.375	543932
0.28125	0.375	566231
0.3125	0.375	641890
0.34375	0.375	677542
0.375	0.375	739907
0.40625	0.375	763514
0.4375	0.375	786692
0.46875	0.375	823743
0.5	0.375	833364
0.53125	0.375	853333
0.5625	0.375	818648
0.59375	0.375	852322
0.625	0.375	803473
0.65625	0.375	815389
0.6875	0.375	725041
0.71875	0.375	748386
0.75	0.375	646539
0.78125	0.375	650528
0.8125	0.375	510167
0.84375	0.375	523591
0.875	0.375	375810
0.90625	0.375	380420
0.9375	0.375	217799
0.96875	0.375	236894
1	0.375	1.80043e-16

0	0.40625	221857
0.03125	0.40625	234163
0.0625	0.40625	265961
0.09375	0.40625	276837
0.125	0.40625	360128
0.15625	0.40625	381429
0.1875	0.40625	480200
0.21875	0.40625	503150
0.25	0.40625	592795
0.28125	0.40625	621822
0.3125	0.40625	690843
0.34375	0.40625	720535
0.375	0.40625	763312
0.40625	0.40625	793708
0.4375	0.40625	810109
0.46875	0.40625	838690
0.5	0.40625	826155
0.53125	0.40625	853050
0.5625	0.40625	811276
0.59375	0.40625	834144
0.625	0.40625	764536
0.65625	0.40625	782238
0.6875	0.40625	686130
0.71875	0.40625	699862
0.75	0.40625	578746
0.78125	0.40625	587506
0.8125	0.40625	443425
0.84375	0.40625	452489
0.875	0.40625	297281
0.90625	0.40625	309218
0.9375	0.40625	109519
0.96875	0.40625	118821
1	0.40625	2.02323e-16

0	0.4375	259535
0.03125	0.4375	130308
0.0625	0.4375	233702
0.09375	0.4375	221065
0.125	0.4375	341575
0.15625	0.4375	353700
0.1875	0.4375	463554
0.21875	0.4375	478325
0.25	0.4375	588295
0.28125	0.4375	610564
0.3125	0.4375	713082
0.34375	0.4375	723271
0.375	0.4375	787143
0.40625	0.4375	810808
0.4375	0.4375	860955
0.46875	0.4375	867523
0.5	0.4375	873598
0.53125	0.4375	893371
0.5625	0.4375	886426
0.59375	0.4375	883574
0.625	0.4375	827859
0.65625	0.4375	838101
0.6875	0.4375	772408
0.71875	0.4375	764255
0.75	0.4375	655303
0.78125	0.4375	659340
0.8125	0.4375	537884
0.84375	0.4375	527157
0.875	0.4375	385983
0.90625	0.4375	378946
0.9375	0.4375	257201
0.96875	0.4375	235271
1	0.4375	2.26554e-16

0	0.46875	246598
0.03125	0.46875	175439
0.0625	0.46875	287399
0.09375	0.46875	287112
0.125	0.46875	402321
0.15625	0.46875	415786
0.1875	0.46875	525706
0.21875	0.46875	544258
0.25	0.46875	650509
0.28125	0.46875	666791
0.3125	0.46875	749990
0.34375	0.46875	766983
0.375	0.46875	823993
0.40625	0.46875	839182
0.4375	0.46875	867290
0.46875	0.46875	880537
0.5	0.46875	880095
0.53125	0.46875	888635
0.5625	0.46875	857294
0.59375	0.46875	861067
0.625	0.46875	800352
0.65625	0.46875	801473
0.6875	0.46875	714142
0.71875	0.46875	712155
0.75	0.46875	596942
0.78125	0.46875	593659
0.8125	0.46875	462337
0.84375	0.46875	453513
0.875	0.46875	322049
0.90625	0.46875	307661
0.9375	0.46875	129215
0.96875	0.46875	118007
1	0.46875	2.52971e-16

0	0.5	0
0.03125	0.5	84462.1
0.0625	0.5	207918
0.09375	0.5	220420
0.125	0.5	365340
0.15625	0.5	368394
0.1875	0.5	492658
0.21875	0.5	501187
0.25	0.5	632469
0.28125	0.5	631873
0.3125	0.5	733215
0.34375	0.5	743143
0.375	0.5	834361
0.40625	0.5	827331
0.4375	0.5	874117
0.46875	0.5	880865
0.5	0.5	913311
0.53125	0.5	897414
0.5625	0.5	881025
0.59375	0.5	878044
0.625	0.5	848781
0.65625	0.5	828500
0.6875	0.5	756674
0.71875	0.5	748664
0.75	0.5	664075
0.78125	0.5	642382
0.8125	0.5	517230
0.84375	0.5	505213
0.875	0.5	372817
0.90625	0.5	362482
0.9375	0.5	214532
0.96875	0.5	220570
1	0.5	2.81828e-16

0	0.53125	103916
0.03125	0.53125	152193
0.0625	0.53125	286371
0.09375	0.53125	294125
0.125	0.53125	428717
0.15625	0.53125	434520
0.1875	0.53125	562289
0.21875	0.53125	566290
0.25	0.53125	682600
0.28125	0.53125	687322
0.3125	0.53125	783599
0.34375	0.53125	785117
0.375	0.53125	854114
0.40625	0.53125	854050
0.4375	0.53125	893657
0.46875	0.53125	889164
0.5	0.53125	897182
0.53125	0.53125	887822
0.5625	0.53125	864986
0.59375	0.53125	853432
0.625	0.53125	802881
0.65625	0.53125	788813
0.6875	0.53125	710602
0.71875	0.53125	695823
0.75	0.53125	590948
0.78125	0.53125	574153
0.8125	0.53125	445380
0.84375	0.53125	434256
0.875	0.53125	294091
0.90625	0.53125	292030
0.9375	0.53125	107846
0.96875	0.53125	110632
1	0.53125	3.13403e-16

0	0.5625	168229
0.03125	0.5625	192005
0.0625	0.5625	232416
0.09375	0.5625	251950
0.125	0.5625	370882
0.15625	0.5625	374058
0.1875	0.5625	509167
0.21875	0.5625	503876
0.25	0.5625	630792
0.28125	0.5625	630014
0.3125	0.5625	752693
0.34375	0.5625	734926
0.375	0.5625	820050
0.40625	0.5625	812879
0.4375	0.5625	887500
0.46875	0.5625	858513
0.5	0.5625	881545
0.53125	0.5625	865719
0.5625	0.5625	875227
0.59375	0.5625	842095
0.625	0.5625	808525
0.65625	0.5625	788509
0.6875	0.5625	741108
0.71875	0.5625	709811
0.75	0.5625	621284
0.78125	0.5625	603291
0.8125	0.5625	493909
0.84375	0.5625	471698
0.875	0.5625	352983
0.90625	0.5625	334775
0.9375	0.5625	227740
0.96875	0.5625	204700
1	0.5625	3.48002e-16

0	0.59375	200254
0.03125	0.59375	221838
0.0625	0.59375	301437
0.09375	0.59375	312737
0.125	0.59375	439724
0.15625	0.59375	438660
0.1875	0.59375	569660
0.21875	0.59375	566654
0.25	0.59375	691445
0.28125	0.59375	682226
0.3125	0.59375	786119
0.34375	0.59375	773718
0.375	0.59375	853581
0.40625	0.59375	835579
0.4375	0.59375	884395
0.46875	0.59375	862068
0.5	0.59375	878328
0.53125	0.59375	853927
0.5625	0.59375	841889
0.59375	0.59375	815390
0.625	0.59375	774903
0.65625	0.59375	749324
0.6875	0.59375	681362
0.71875	0.59375	656790
0.75	0.59375	557839
0.78125	0.59375	537797
0.8125	0.59375	423757
0.84375	0.59375	403603
0.875	0.59375	290740
0.90625	0.59375	270205
0.9375	0.59375	114410
0.96875	0.59375	102673
1	0.59375	3.85957e-16

0	0.625	215655
0.03125	0.625	254047
0.0625	0.625	271039
0.09375	0.625	265522
0.125	0.625	376617
0.15625	0.625	369643
0.1875	0.625	497942
0.21875	0.625	487945
0.25	0.625	628637
0.28125	0.625	603928
0.3125	0.625	716652
0.34375	0.625	698471
0.375	0.625	805317
0.40625	0.625	766421
0.4375	0.625	829270
0.46875	0.625	801897
0.5	0.625	849778
0.53125	0.625	803974
0.5625	0.625	808986
0.59375	0.625	775531
0.625	0.625	768662
0.65625	0.625	723921
0.6875	0.625	678846
0.71875	0.625	649099
0.75	0.625	585784
0.78125	0.625	548318
0.8125	0.625	450102
0.84375	0.625	426414
0.875	0.625	317318
0.90625	0.625	300449
0.9375	0.625	182703
0.96875	0.625	183618
1	0.625	4.27636e-16

0	0.65625	243326
0.03125	0.65625	259623
0.0625	0.65625	323575
0.09375	0.65625	317263
0.125	0.65625	436938
0.15625	0.65625	428453
0.1875	0.65625	562930
0.21875	0.65625	545605
0.25	0.65625	672297
0.28125	0.65625	650903
0.3125	0.65625	760672
0.34375	0.65625	732198
0.375	0.65625	817032
0.40625	0.65625	783972
0.4375	0.65625	839325
0.46875	0.65625	802814
0.5	0.65625	829250
0.53125	0.65625	789697
0.5625	0.65625	788761
0.59375	0.65625	749737
0.625	0.65625	723765
0.65625	0.65625	686599
0.6875	0.65625	632410
0.71875	0.65625	598877
0.75	0.65625	518118
0.78125	0.65625	487601
0.8125	0.65625	383956
0.84375	0.65625	363730
0.875	0.65625	250326
0.90625	0.65625	242432
0.9375	0.65625	91827.7
0.96875	0.65625	92092.4
1	0.65625	4.73439e-16

0	0.6875	292583
0.03125	0.6875	146921
0.0625	0.6875	259476
0.09375	0.6875	229597
0.125	0.6875	361975
0.15625	0.6875	348669
0.1875	0.6875	477226
0.21875	0.6875	451977
0.25	0.6875	578521
0.28125	0.6875	553813
0.3125	0.6875	679662
0.34375	0.6875	632559
0.375	0.6875	727000
0.40625	0.6875	688110
0.4375	0.6875	774125
0.46875	0.6875	715826
0.5	0.6875	757906
0.53125	0.6875	711881
0.5625	0.6875	741948
0.59375	0.6875	682228
0.625	0.6875	679198
0.65625	0.6875	632850
0.6875	0.6875	619538
0.71875	0.6875	565475
0.75	0.6875	511203
0.78125	0.6875	473528
0.8125	0.6875	403215
0.84375	0.6875	366474
0.875	0.6875	284214
0.90625	0.6875	257233
0.9375	0.6875	185457
0.96875	0.6875	158264
1	0.6875	5.23809e-16

0	0.71875	276011
0.03125	0.71875	187947
0.0625	0.71875	310389
0.09375	0.71875	288753
0.125	0.71875	419220
0.15625	0.71875	399953
0.1875	0.71875	527481
0.21875	0.71875	502528
0.25	0.71875	628700
0.28125	0.71875	592839
0.3125	0.71875	702961
0.34375	0.71875	660022
0.375	0.71875	750233
0.40625	0.71875	701708
0.4375	0.71875	765743
0.46875	0.71875	713653
0.5	0.71875	749716
0.53125	0.71875	696914
0.5625	0.71875	710424
0.59375	0.71875	657461
0.625	0.71875	649290
0.65625	0.71875	599161
0.6875	0.71875	565377
0.71875	0.71875	519582
0.75	0.71875	457300
0.78125	0.71875	420154
0.8125	0.71875	343882
0.84375	0.71875	312078
0.875	0.71875	235079
0.90625	0.71875	208075
0.9375	0.71875	93126.6
0.96875	0.71875	79369.3
1	0.71875	5.79232e-16

0	0.75	21.6539
0.03125	0.75	72104.9
0.0625	0.75	199000
0.09375	0.75	200602
0.125	0.75	334604
0.15625	0.75	309682
0.1875	0.75	425944
0.21875	0.75	395101
0.25	0.75	528318
0.28125	0.75	476507
0.3125	0.75	584714
0.34375	0.75	533796
0.375	0.75	648559
0.40625	0.75	580598
0.4375	0.75	656980
0.46875	0.75	598573
0.5	0.75	665434
0.53125	0.75	592220
0.5625	0.75	622210
0.59375	0.75	558760
0.625	0.75	586345
0.65625	0.75	518667
0.6875	0.75	511426
0.71875	0.75	457567
0.75	0.75	436038
0.78125	0.75	383099
0.8125	0.75	330063
0.84375	0.75	290018
0.875	0.75	230736
0.90625	0.75	203354
0.9375	0.75	131834
0.96875	0.75	121105
1	0.75	6.40242e-16

0	0.78125	99462.1
0.03125	0.78125	136061
0.0625	0.78125	266483
0.09375	0.78125	254799
0.125	0.78125	379900
0.15625	0.78125	352018
0.1875	0.78125	476722
0.21875	0.78125	435413
0.25	0.78125	556091
0.28125	0.78125	504759
0.3125	0.78125	616218
0.34375	0.78125	556825
0.375	0.78125	652378
0.40625	0.78125	589253
0.4375	0.78125	660864
0.46875	0.78125	595119
0.5	0.78125	643534
0.53125	0.78125	575261
0.5625	0.78125	604045
0.59375	0.78125	538543
0.625	0.78125	548721
0.65625	0.78125	488019
0.6875	0.78125	473650
0.71875	0.78125	420319
0.75	0.78125	383053
0.78125	0.78125	336614
0.8125	0.78125	280477
0.84375	0.78125	246813
0.875	0.78125	181441
0.90625	0.78125	162454
0.9375	0.78125	66215.9
0.96875	0.78125	60727.3
1	0.78125	7.07428e-16

0	0.8125	143331
0.03125	0.8125	179527
0.0625	0.8125	201575
0.09375	0.8125	201709
0.125	0.8125	284012
0.15625	0.8125	260521
0.1875	0.8125	363440
0.21875	0.8125	321468
0.25	0.8125	423845
0.28125	0.8125	373057
0.3125	0.8125	482039
0.34375	0.8125	418915
0.375	0.8125	511855
0.40625	0.8125	444909
0.4375	0.8125	539481
0.46875	0.8125	463722
0.5	0.8125	518432
0.53125	0.8125	446430
0.5625	0.8125	494845
0.59375	0.8125	424567
0.625	0.8125	450660
0.65625	0.8125	384429
0.6875	0.8125	403545
0.71875	0.8125	344176
0.75	0.8125	330170
0.78125	0.8125	280577
0.8125	0.8125	250131
0.84375	0.8125	213228
0.875	0.8125	176289
0.90625	0.8125	144715
0.9375	0.8125	110951
0.96875	0.8125	89001.6
1	0.8125	7.81438e-16

0	0.84375	172412
0.03125	0.84375	190501
0.0625	0.84375	242574
0.09375	0.84375	230839
0.125	0.84375	323377
0.15625	0.84375	290626
0.1875	0.84375	393228
0.21875	0.84375	346857
0.25	0.84375	452495
0.28125	0.84375	395557
0.3125	0.84375	496492
0.34375	0.84375	431496
0.375	0.84375	525228
0.40625	0.84375	453922
0.4375	0.84375	528554
0.46875	0.84375	454732
0.5	0.84375	506284
0.53125	0.84375	435189
0.5625	0.84375	472448
0.59375	0.84375	404250
0.625	0.84375	426862
0.65625	0.84375	364119
0.6875	0.84375	366698
0.71875	0.84375	312280
0.75	0.84375	290076
0.78125	0.84375	246874
0.8125	0.84375	213213
0.84375	0.84375	179022
0.875	0.84375	143702
0.90625	0.84375	116997
0.9375	0.84375	55679.4
0.96875	0.84375	44619.6
1	0.84375	8.62985e-16

0	0.875	215712
0.03125	0.875	219071
0.0625	0.875	201384
0.09375	0.875	176840
0.125	0.875	236317
0.15625	0.875	191239
0.1875	0.875	278661
0.21875	0.875	236433
0.25	0.875	321372
0.28125	0.875	255391
0.3125	0.875	354875
0.34375	0.875	297328
0.375	0.875	377081
0.40625	0.875	298326
0.4375	0.875	387153
0.46875	0.875	323091
0.5	0.875	373719
0.53125	0.875	294835
0.5625	0.875	353673
0.59375	0.875	291347
0.625	0.875	317716
0.65625	0.875	250670
0.6875	0.875	284483
0.71875	0.875	235338
0.75	0.875	230835
0.78125	0.875	181537
0.8125	0.875	176325
0.84375	0.875	143741
0.875	0.875	113304
0.90625	0.875	90373.1
0.9375	0.875	67436.3
0.96875	0.875	56339.9
1	0.875	9.52857e-16

0	0.90625	208535
0.03125	0.90625	197849
0.0625	0.90625	218627
0.09375	0.90625	183749
0.125	0.90625	257129
0.15625	0.90625	213453
0.1875	0.90625	299588
0.21875	0.90625	245487
0.25	0.90625	337653
0.28125	0.90625	275897
0.3125	0.90625	365488
0.34375	0.90625	297366
0.375	0.90625	381629
0.40625	0.90625	310252
0.4375	0.90625	379974
0.46875	0.90625	308549
0.5	0.90625	363274
0.53125	0.90625	292703
0.5625	0.90625	335318
0.59375	0.90625	270680
0.625	0.90625	300783
0.65625	0.90625	242734
0.6875	0.90625	257419
0.71875	0.90625	208254
0.75	0.90625	203423
0.78125	0.90625	162522
0.8125	0.90625	144734
0.84375	0.90625	117019
0.875	0.90625	90368.4
0.90625	0.90625	73399.9
0.9375	0.90625	33821.7
0.96875	0.90625	28228.6
1	0.90625	1.05192e-15

0	0.9375	222617
0.03125	0.9375	111626
0.0625	0.9375	151829
0.09375	0.9375	76297.2
0.125	0.9375	145428
0.15625	0.9375	73174.6
0.1875	0.9375	193341
0.21875	0.9375	97200.7
0.25	0.9375	188471
0.28125	0.9375	94818
0.3125	0.9375	238797
0.34375	0.9375	120021
0.375	0.9375	218598
0.40625	0.9375	109933
0.4375	0.9375	258101
0.46875	0.9375	129675
0.5	0.9375	215113
0.53125	0.9375	108142
0.5625	0.9375	228261
0.59375	0.9375	114674
0.625	0.9375	182995
0.65625	0.9375	91973.4
0.6875	0.9375	185709
0.71875	0.9375	93250.6
0.75	0.9375	131931
0.78125	0.9375	66261.5
0.8125	0.9375	110997
0.84375	0.9375	55699.2
0.875	0.9375	67446.5
0.90625	0.9375	33824.9
0.9375	0.9375	45438.3
0.96875	0.9375	22722.1
1	0.9375	1.16113e-15

0	0.96875	187247
0.03125	0.96875	93718.7
0.0625	0.96875	148275
0.09375	0.96875	74357.7
0.125	0.96875	168932
0.15625	0.96875	84746.6
0.1875	0.96875	190387
0.21875	0.96875	95518.8
0.25	0.96875	213062
0.28125	0.96875	106884
0.3125	0.96875	228091
0.34375	0.96875	114425
0.375	0.96875	237731
0.40625	0.96875	119247
0.4375	0.96875	236001
0.46875	0.96875	118378
0.5	0.96875	221116
0.53125	0.96875	110907
0.5625	0.96875	205104
0.59375	0.96875	102876
0.625	0.96875	183890
0.65625	0.96875	92227.7
0.6875	0.96875	158440
0.71875	0.96875	79456
0.75	0.96875	121179
0.78125	0.96875	60762.2
0.8125	0.96875	89032.2
0.84375	0.96875	44632.9
0.875	0.96875	56347
0.90625	0.96875	28230.8
0.9375	0.96875	22724.2
0.96875	0.96875	11366.3
1	0.96875	1.28154e-15

0	1	0
0.03125	1	1.13197
0.0625	1	2.25305
0.09375	1	3.35242
0.125	1	4.41951
0.15625	1	5.44404
0.1875	1	6.41614
0.21875	1	7.32644
0.25	1	8.16619
0.28125	1	8.9273
0.3125	1	9.60243
0.34375	1	10.1851
0.375	1	10.6696
0.40625	1	11.0515
0.4375	1	11.3268
0.46875	1	11.4931
0.5	1	11.5487
0.53125	1	11.4931
0.5625	1	11.3268
0.59375	1	11.0515
0.625	1	10.6696
0.65625	1	10.1851
0.6875	1	9.60243
0.71875	1	8.9273
0.75	1	8.16619
0.78125	1	7.32644
0.8125	1	6.41614
0.84375	1	5.44404
0.875	1	4.41951
0.90625	1	3.35242
0.9375	1	2.25305
0.96875	1	1.13197
1	1	1.41431e-15

