0	0	0
0.03125	0	0
0.0625	0	0
0.09375	0	0
0.125	0	0
0.15625	0	0.0173984
0.1875	0	0.00013997
0.21875	0	0.0331954
0.25	0	0
0.28125	0	0.0669003
0.3125	0	0.135667
0.34375	0	0.167469
0.375	0	0.217848
0.40625	0	0.293659
0.4375	0	0.343552
0.46875	0	0.422815
0.5	0	0
0.53125	0	0.337184
0.5625	0	0.537045
0.59375	0	0.798283
0.625	0	1.29054
0.65625	0	1.41089
0.6875	0	1.40753
0.71875	0	1.66383
0.75	0	1.44359
0.78125	0	1.82179
0.8125	0	1.96536
0.84375	0	2.29449
0.875	0	3.59542
0.90625	0	3.40937
0.9375	0	3.12146
0.96875	0	3.16458
1	0	0

0	0.03125	0
0.03125	0.03125	0
0.0625	0.03125	0
0.09375	0.03125	0.00869921
0.125	0.03125	6.99851e-05
0.15625	0.03125	0.0252969
0.1875	0.03125	6.99851e-05
0.21875	0.03125	0.0500479
0.25	0.03125	0.0678334
0.28125	0.03125	0.117184
0.3125	0.03125	0.176758
0.34375	0.03125	0.230564
0.375	0.03125	0.2807
0.40625	0.03125	0.358237
0.4375	0.03125	0.171776
0.46875	0.03125	0.38
0.5	0.03125	0.268523
0.53125	0.03125	0.567734
0.5625	0.03125	0.913793
0.59375	0.03125	1.10459
0.625	0.03125	1.34904
0.65625	0.03125	1.53736
0.6875	0.03125	1.42556
0.71875	0.03125	1.74281
0.75	0.03125	1.70448
0.78125	0.03125	2.05814
0.8125	0.03125	2.78039
0.84375	0.03125	2.85193
0.875	0.03125	3.35844
0.90625	0.03125	3.28698
0.9375	0.03125	1.56073
0.96875	0.03125	2.14555
1	0.03125	1.20423e-17

0	0.0625	0
0.03125	0.0625	0
0.0625	0.0625	0
0.09375	0.0625	0.0167693
0.125	0.0625	0.0347968
0.15625	0.0625	0.0538667
0.1875	0.0625	0.0662508
0.21875	0.0625	0.11964
0.25	0.0625	0.133801
0.28125	0.0625	0.201741
0.3125	0.0625	0.199271
0.34375	0.0625	0.306855
0.375	0.0625	0.36947
0.40625	0.0625	0.464077
0.4375	0.0625	0.502079
0.46875	0.0625	0.671476
0.5	0.0625	0.674368
0.53125	0.0625	0.905121
0.5625	0.0625	1.05952
0.59375	0.0625	1.27765
0.625	0.0625	1.53124
0.65625	0.0625	1.69299
0.6875	0.0625	1.92014
0.71875	0.0625	2.1235
0.75	0.0625	2.19999
0.78125	0.0625	2.50629
0.8125	0.0625	2.62362
0.84375	0.0625	2.87153
0.875	0.0625	3.22333
0.90625	0.0625	3.34496
0.9375	0.0625	3.20771
0.96875	0.0625	3.69672
1	0.0625	2.42007e-17

0	0.09375	0
0.03125	0.09375	0.00838464
0.0625	0.09375	0.0173984
0.09375	0.09375	0.035318
0.125	0.09375	0.0505238
0.15625	0.09375	0.0867534
0.1875	0.09375	0.100026
0.21875	0.09375	0.16069
0.25	0.09375	0.166536
0.28125	0.09375	0.254298
0.3125	0.09375	0.28437
0.34375	0.09375	0.385466
0.375	0.09375	0.435775
0.40625	0.09375	0.567776
0.4375	0.09375	0.588224
0.46875	0.09375	0.788298
0.5	0.09375	0.866945
0.53125	0.09375	1.09138
0.5625	0.09375	1.29538
0.59375	0.09375	1.48532
0.625	0.09375	1.72569
0.65625	0.09375	1.90825
0.6875	0.09375	2.06006
0.71875	0.09375	2.3149
0.75	0.09375	2.4118
0.78125	0.09375	2.68891
0.8125	0.09375	2.92348
0.84375	0.09375	3.10824
0.875	0.09375	3.21552
0.90625	0.09375	3.52084
0.9375	0.09375	2.73038
0.96875	0.09375	3.5165
1	0.09375	3.65926e-17

0	0.125	0
0.03125	0.125	6.99851e-05
0.0625	0.125	0.0335386
0.09375	0.125	0.0473782
0.125	0.125	0.0729365
0.15625	0.125	0.125499
0.1875	0.125	0.173029
0.21875	0.125	0.228139
0.25	0.125	0.269681
0.28125	0.125	0.368973
0.3125	0.125	0.414439
0.34375	0.125	0.52228
0.375	0.125	0.558683
0.40625	0.125	0.736916
0.4375	0.125	0.840873
0.46875	0.125	1.00387
0.5	0.125	1.13587
0.53125	0.125	1.36177
0.5625	0.125	1.49578
0.59375	0.125	1.71437
0.625	0.125	1.85475
0.65625	0.125	2.12718
0.6875	0.125	2.32687
0.71875	0.125	2.52343
0.75	0.125	2.8126
0.78125	0.125	3.03011
0.8125	0.125	3.11943
0.84375	0.125	3.34718
0.875	0.125	3.46658
0.90625	0.125	3.93896
0.9375	0.125	4.18574
0.96875	0.125	4.91745
1	0.125	4.93374e-17

0	0.15625	0.0167693
0.03125	0.15625	0.0237241
0.0625	0.15625	0.0532375
0.09375	0.15625	0.0864388
0.125	0.15625	0.122983
0.15625	0.15625	0.176819
0.1875	0.15625	0.221355
0.21875	0.15625	0.298556
0.25	0.15625	0.34206
0.28125	0.15625	0.445627
0.3125	0.15625	0.486561
0.34375	0.15625	0.629598
0.375	0.15625	0.699778
0.40625	0.15625	0.870391
0.4375	0.15625	0.988373
0.46875	0.15625	1.18282
0.5	0.15625	1.31582
0.53125	0.15625	1.53807
0.5625	0.15625	1.67526
0.59375	0.15625	1.92078
0.625	0.15625	2.09081
0.65625	0.15625	2.32531
0.6875	0.15625	2.56974
0.71875	0.15625	2.77677
0.75	0.15625	2.96602
0.78125	0.15625	3.18865
0.8125	0.15625	3.29301
0.84375	0.15625	3.64307
0.875	0.15625	3.82616
0.90625	0.15625	4.42821
0.9375	0.15625	4.30263
0.96875	0.15625	5.16764
1	0.15625	6.25581e-17

0	0.1875	0.00013997
0.03125	0.1875	6.99851e-05
0.0625	0.1875	0.0612178
0.09375	0.1875	0.101284
0.125	0.1875	0.178062
0.15625	0.1875	0.236454
0.1875	0.1875	0.283249
0.21875	0.1875	0.385462
0.25	0.1875	0.468265
0.28125	0.1875	0.579138
0.3125	0.1875	0.630121
0.34375	0.1875	0.807202
0.375	0.1875	0.915149
0.40625	0.1875	1.11004
0.4375	0.1875	1.16686
0.46875	0.1875	1.42663
0.5	0.1875	1.58766
0.53125	0.1875	1.8513
0.5625	0.1875	1.93296
0.59375	0.1875	2.25674
0.625	0.1875	2.39961
0.65625	0.1875	2.74518
0.6875	0.1875	2.72
0.71875	0.1875	3.08017
0.75	0.1875	3.24762
0.78125	0.1875	3.56529
0.8125	0.1875	3.57493
0.84375	0.1875	3.93696
0.875	0.1875	4.41133
0.90625	0.1875	4.68298
0.9375	0.1875	5.64917
0.96875	0.1875	6.16057
1	0.1875	7.63823e-17

0	0.21875	0.0306789
0.03125	0.21875	0.050677
0.0625	0.21875	0.11964
0.09375	0.21875	0.168869
0.125	0.21875	0.230656
0.15625	0.21875	0.310958
0.1875	0.21875	0.375757
0.21875	0.21875	0.4823
0.25	0.21875	0.549193
0.28125	0.21875	0.69317
0.3125	0.21875	0.772635
0.34375	0.21875	0.958623
0.375	0.21875	1.041
0.40625	0.21875	1.26834
0.4375	0.21875	1.37726
0.46875	0.21875	1.63897
0.5	0.21875	1.76031
0.53125	0.21875	2.05402
0.5625	0.21875	2.16629
0.59375	0.21875	2.50096
0.625	0.21875	2.5598
0.65625	0.21875	2.91267
0.6875	0.21875	2.98381
0.71875	0.21875	3.32273
0.75	0.21875	3.41128
0.78125	0.21875	3.75112
0.8125	0.21875	3.99313
0.84375	0.21875	4.30997
0.875	0.21875	5.03025
0.90625	0.21875	5.42177
0.9375	0.21875	6.03265
0.96875	0.21875	6.72587
1	0.21875	9.09433e-17

0	0.25	0
0.03125	0.25	0.0778996
0.0625	0.25	0.14135
0.09375	0.25	0.175343
0.125	0.25	0.294846
0.15625	0.25	0.36848
0.1875	0.25	0.487675
0.21875	0.25	0.585135
0.25	0.25	0.69001
0.28125	0.25	0.834807
0.3125	0.25	0.984284
0.34375	0.25	1.14818
0.375	0.25	1.30494
0.40625	0.25	1.50916
0.4375	0.25	1.6864
0.46875	0.25	1.92263
0.5	0.25	2.11495
0.53125	0.25	2.37955
0.5625	0.25	2.58052
0.59375	0.25	2.88198
0.625	0.25	3.09075
0.65625	0.25	3.36773
0.6875	0.25	3.44034
0.71875	0.25	3.75401
0.75	0.25	3.88295
0.78125	0.25	4.16904
0.8125	0.25	4.29899
0.84375	0.25	4.54122
0.875	0.25	4.95463
0.90625	0.25	5.47277
0.9375	0.25	6.67197
0.96875	0.25	7.29493
1	0.25	1.06382e-16

0	0.28125	0.0706751
0.03125	0.28125	0.126622
0.0625	0.28125	0.218098
0.09375	0.28125	0.271912
0.125	0.28125	0.391261
0.15625	0.28125	0.476808
0.1875	0.28125	0.588843
0.21875	0.28125	0.709971
0.25	0.28125	0.837147
0.28125	0.28125	0.991492
0.3125	0.28125	1.14461
0.34375	0.28125	1.32867
0.375	0.28125	1.49567
0.40625	0.28125	1.71589
0.4375	0.28125	1.90067
0.46875	0.28125	2.15109
0.5	0.28125	2.34774
0.53125	0.28125	2.63077
0.5625	0.28125	2.83564
0.59375	0.28125	3.12486
0.625	0.28125	3.26554
0.65625	0.28125	3.56087
0.6875	0.28125	3.66165
0.71875	0.28125	3.96152
0.75	0.28125	4.09097
0.78125	0.28125	4.35513
0.8125	0.28125	4.62681
0.84375	0.28125	5.00699
0.875	0.28125	5.8133
0.90625	0.28125	6.38385
0.9375	0.28125	7.41908
0.96875	0.28125	8.08962
1	0.28125	1.22846e-16

0	0.3125	0.155799
0.03125	0.3125	0.186824
0.0625	0.3125	0.209337
0.09375	0.3125	0.288077
0.125	0.3125	0.442114
0.15625	0.3125	0.511897
0.1875	0.3125	0.682595
0.21875	0.3125	0.799936
0.25	0.3125	0.979604
0.28125	0.3125	1.10667
0.3125	0.3125	1.31207
0.34375	0.3125	1.48023
0.375	0.3125	1.71338
0.40625	0.3125	1.89551
0.4375	0.3125	2.15886
0.46875	0.3125	2.37086
0.5	0.3125	2.64415
0.53125	0.3125	2.88175
0.5625	0.3125	3.18344
0.59375	0.3125	3.42206
0.625	0.3125	3.64472
0.65625	0.3125	3.94087
0.6875	0.3125	4.06768
0.71875	0.3125	4.34242
0.75	0.3125	4.45513
0.78125	0.3125	4.77078
0.8125	0.3125	4.78344
0.84375	0.3125	5.1544
0.875	0.3125	5.9909
0.90625	0.3125	6.14928
0.9375	0.3125	7.91788
0.96875	0.3125	8.23131
1	0.3125	1.40495e-16

0	0.34375	0.182568
0.03125	0.34375	0.23745
0.0625	0.34375	0.325725
0.09375	0.34375	0.399987
0.125	0.34375	0.562355
0.15625	0.34375	0.655916
0.1875	0.34375	0.8311
0.21875	0.34375	0.953305
0.25	0.34375	1.14584
0.28125	0.34375	1.29345
0.3125	0.34375	1.51272
0.34375	0.34375	1.68787
0.375	0.34375	1.93612
0.40625	0.34375	2.13318
0.4375	0.34375	2.40151
0.46875	0.34375	2.6263
0.5	0.34375	2.9138
0.53125	0.34375	3.1519
0.5625	0.34375	3.41408
0.59375	0.34375	3.68146
0.625	0.34375	3.8562
0.65625	0.34375	4.14165
0.6875	0.34375	4.2614
0.71875	0.34375	4.5566
0.75	0.34375	4.61929
0.78125	0.34375	4.96259
0.8125	0.34375	5.38717
0.84375	0.34375	5.65184
0.875	0.34375	6.95439
0.90625	0.34375	7.1903
0.9375	0.34375	8.76015
0.96875	0.34375	9.18367
1	0.34375	1.595e-16

0	0.375	0.217848
0.03125	0.375	0.320965
0.0625	0.375	0.366817
0.09375	0.375	0.412612
0.125	0.375	0.581679
0.15625	0.375	0.691169
0.1875	0.375	0.917277
0.21875	0.375	1.04419
0.25	0.375	1.23374
0.28125	0.375	1.39267
0.3125	0.375	1.64839
0.34375	0.375	1.80926
0.375	0.375	2.07764
0.40625	0.375	2.26383
0.4375	0.375	2.58285
0.46875	0.375	2.77921
0.5	0.375	3.11935
0.53125	0.375	3.32421
0.5625	0.375	3.66068
0.59375	0.375	3.88178
0.625	0.375	4.23702
0.65625	0.375	4.43455
0.6875	0.375	4.61716
0.71875	0.375	4.84735
0.75	0.375	5.08643
0.78125	0.375	5.28049
0.8125	0.375	5.52535
0.84375	0.375	5.72462
0.875	0.375	6.30766
0.90625	0.375	6.69374
0.9375	0.375	8.54474
0.96875	0.375	8.91425
1	0.375	1.80043e-16

0	0.40625	0.292333
0.03125	0.40625	0.366788
0.0625	0.40625	0.474248
0.09375	0.40625	0.55189
0.125	0.40625	0.749478
0.15625	0.40625	0.867677
0.1875	0.40625	1.07551
0.21875	0.40625	1.21843
0.25	0.40625	1.44107
0.28125	0.40625	1.60097
0.3125	0.40625	1.86302
0.34375	0.40625	2.03654
0.375	0.40625	2.33025
0.40625	0.40625	2.52152
0.4375	0.40625	2.8511
0.46875	0.40625	3.05171
0.5	0.40625	3.39001
0.53125	0.40625	3.60299
0.5625	0.40625	3.94885
0.59375	0.40625	4.15817
0.625	0.40625	4.42709
0.65625	0.40625	4.64095
0.6875	0.40625	4.8518
0.71875	0.40625	5.06392
0.75	0.40625	5.30589
0.78125	0.40625	5.50255
0.8125	0.40625	5.91651
0.84375	0.40625	6.20918
0.875	0.40625	7.4262
0.90625	0.40625	7.804
0.9375	0.40625	9.60719
0.96875	0.40625	9.95625
1	0.40625	2.02323e-16

0	0.4375	0.424081
0.03125	0.4375	0.21204
0.0625	0.4375	0.458406
0.09375	0.4375	0.513788
0.125	0.4375	0.800659
0.15625	0.4375	0.896058
0.1875	0.4375	1.17109
0.21875	0.4375	1.30165
0.25	0.4375	1.55161
0.28125	0.4375	1.69154
0.3125	0.4375	1.97012
0.34375	0.4375	2.14086
0.375	0.4375	2.45001
0.40625	0.4375	2.61337
0.4375	0.4375	2.97557
0.46875	0.4375	3.16702
0.5	0.4375	3.52906
0.53125	0.4375	3.72375
0.5625	0.4375	4.10289
0.59375	0.4375	4.31169
0.625	0.4375	4.63208
0.65625	0.4375	4.87149
0.6875	0.4375	5.07753
0.71875	0.4375	5.26353
0.75	0.4375	5.47454
0.78125	0.4375	5.64244
0.8125	0.4375	5.92388
0.84375	0.4375	6.04057
0.875	0.4375	7.07982
0.90625	0.4375	6.94188
0.9375	0.4375	9.28377
0.96875	0.4375	9.2466
1	0.4375	2.26554e-16

0	0.46875	0.441243
0.03125	0.46875	0.362914
0.0625	0.46875	0.629532
0.09375	0.46875	0.704923
0.125	0.46875	0.985876
0.15625	0.46875	1.09886
0.1875	0.46875	1.36135
0.21875	0.46875	1.4966
0.25	0.46875	1.76086
0.28125	0.46875	1.9162
0.3125	0.46875	2.21007
0.34375	0.46875	2.37711
0.375	0.46875	2.71279
0.40625	0.46875	2.89019
0.4375	0.46875	3.25231
0.46875	0.46875	3.44538
0.5	0.46875	3.81597
0.53125	0.46875	4.01772
0.5625	0.46875	4.36749
0.59375	0.46875	4.59159
0.625	0.46875	4.85481
0.65625	0.46875	5.06751
0.6875	0.46875	5.27604
0.71875	0.46875	5.45298
0.75	0.46875	5.69921
0.78125	0.46875	5.84151
0.8125	0.46875	6.50185
0.84375	0.46875	6.49123
0.875	0.46875	8.18179
0.90625	0.46875	8.09424
0.9375	0.46875	10.3053
0.96875	0.46875	10.3422
1	0.46875	2.52971e-16

0	0.5	0
0.03125	0.5	0.248364
0.0625	0.5	0.569171
0.09375	0.5	0.697995
0.125	0.5	0.991458
0.15625	0.5	1.14433
0.1875	0.5	1.43222
0.21875	0.5	1.58353
0.25	0.5	1.83147
0.28125	0.5	2.01449
0.3125	0.5	2.31159
0.34375	0.5	2.48982
0.375	0.5	2.77673
0.40625	0.5	2.99161
0.4375	0.5	3.35846
0.46875	0.5	3.56079
0.5	0.5	3.91844
0.53125	0.5	4.13219
0.5625	0.5	4.52049
0.59375	0.5	4.73511
0.625	0.5	5.1109
0.65625	0.5	5.26406
0.6875	0.5	5.44952
0.71875	0.5	5.62442
0.75	0.5	5.81034
0.78125	0.5	5.88864
0.8125	0.5	6.15727
0.84375	0.5	6.12409
0.875	0.5	6.80395
0.90625	0.5	6.99401
0.9375	0.5	9.20942
0.96875	0.5	9.20533
1	0.5	2.81828e-16

0	0.53125	0.284585
0.03125	0.53125	0.473179
0.0625	0.53125	0.780314
0.09375	0.53125	0.92116
0.125	0.53125	1.21184
0.15625	0.53125	1.36393
0.1875	0.53125	1.63184
0.21875	0.53125	1.79901
0.25	0.53125	2.07153
0.28125	0.53125	2.25216
0.3125	0.53125	2.54416
0.34375	0.53125	2.74072
0.375	0.53125	3.0676
0.40625	0.53125	3.2762
0.4375	0.53125	3.63845
0.46875	0.53125	3.84649
0.5	0.53125	4.21947
0.53125	0.53125	4.43365
0.5625	0.53125	4.8157
0.59375	0.53125	4.99959
0.625	0.53125	5.28021
0.65625	0.53125	5.44424
0.6875	0.53125	5.62993
0.71875	0.53125	5.75653
0.75	0.53125	5.9838
0.78125	0.53125	6.00636
0.8125	0.53125	6.48061
0.84375	0.53125	6.55905
0.875	0.53125	8.00669
0.90625	0.53125	8.09967
0.9375	0.53125	10.3791
0.96875	0.53125	10.3216
1	0.53125	3.13403e-16

0	0.5625	0.496728
0.03125	0.5625	0.606776
0.0625	0.5625	0.826818
0.09375	0.5625	0.988129
0.125	0.5625	1.29719
0.15625	0.5625	1.46642
0.1875	0.5625	1.73485
0.21875	0.5625	1.91953
0.25	0.5625	2.19751
0.28125	0.5625	2.3766
0.3125	0.5625	2.66805
0.34375	0.5625	2.89155
0.375	0.5625	3.2065
0.40625	0.5625	3.41229
0.4375	0.5625	3.76311
0.46875	0.5625	4.0096
0.5	0.5625	4.34593
0.53125	0.5625	4.54919
0.5625	0.5625	4.94973
0.59375	0.5625	5.1393
0.625	0.5625	5.41722
0.65625	0.5625	5.61306
0.6875	0.5625	5.79932
0.71875	0.5625	5.92356
0.75	0.5625	5.96693
0.78125	0.5625	6.06704
0.8125	0.5625	6.09091
0.84375	0.5625	6.19035
0.875	0.5625	7.18406
0.90625	0.5625	6.9121
0.9375	0.5625	9.20124
0.96875	0.5625	8.95474
1	0.5625	3.48002e-16

0	0.59375	0.661773
0.03125	0.59375	0.797452
0.0625	0.59375	1.06201
0.09375	0.59375	1.22727
0.125	0.59375	1.51602
0.15625	0.59375	1.69297
0.1875	0.59375	1.96618
0.21875	0.59375	2.14806
0.25	0.59375	2.43278
0.28125	0.59375	2.63408
0.3125	0.59375	2.93727
0.34375	0.59375	3.15192
0.375	0.59375	3.48481
0.40625	0.59375	3.71095
0.4375	0.59375	4.05452
0.46875	0.59375	4.27939
0.5	0.59375	4.64783
0.53125	0.59375	4.84424
0.5625	0.59375	5.18347
0.59375	0.59375	5.37618
0.625	0.59375	5.60827
0.65625	0.59375	5.76831
0.6875	0.59375	5.88313
0.71875	0.59375	5.9953
0.75	0.59375	6.02892
0.78125	0.59375	6.1287
0.8125	0.59375	6.63748
0.84375	0.59375	6.55122
0.875	0.59375	8.19265
0.90625	0.59375	7.93342
0.9375	0.59375	10.264
0.96875	0.59375	9.97649
1	0.59375	3.85957e-16

0	0.625	0.716823
0.03125	0.625	0.935896
0.0625	0.625	1.14944
0.09375	0.625	1.28395
0.125	0.625	1.63565
0.15625	0.625	1.80104
0.1875	0.625	2.10421
0.21875	0.625	2.29742
0.25	0.625	2.55569
0.28125	0.625	2.81625
0.3125	0.625	3.11505
0.34375	0.625	3.36672
0.375	0.625	3.61809
0.40625	0.625	3.94988
0.4375	0.625	4.25609
0.46875	0.625	4.57341
0.5	0.625	4.75244
0.53125	0.625	5.07504
0.5625	0.625	5.32887
0.59375	0.625	5.56664
0.625	0.625	5.80891
0.65625	0.625	6.02193
0.6875	0.625	6.04781
0.71875	0.625	6.23182
0.75	0.625	6.16715
0.78125	0.625	6.27628
0.8125	0.625	6.2898
0.84375	0.625	6.27539
0.875	0.625	6.64014
0.90625	0.625	6.7399
0.9375	0.625	8.70824
0.96875	0.625	8.51509
1	0.625	4.27636e-16

0	0.65625	0.933131
0.03125	0.65625	1.10992
0.0625	0.65625	1.39254
0.09375	0.65625	1.5425
0.125	0.65625	1.86993
0.15625	0.65625	2.04923
0.1875	0.65625	2.32995
0.21875	0.65625	2.55684
0.25	0.65625	2.83537
0.28125	0.65625	3.09149
0.3125	0.65625	3.36657
0.34375	0.65625	3.6583
0.375	0.65625	3.93709
0.40625	0.65625	4.26165
0.4375	0.65625	4.50427
0.46875	0.65625	4.82423
0.5	0.65625	5.04066
0.53125	0.65625	5.32084
0.5625	0.65625	5.56889
0.59375	0.65625	5.79429
0.625	0.65625	5.92836
0.65625	0.65625	6.12688
0.6875	0.65625	6.10748
0.71875	0.65625	6.25405
0.75	0.65625	6.22847
0.78125	0.65625	6.27584
0.8125	0.65625	6.46497
0.84375	0.65625	6.50765
0.875	0.65625	7.67419
0.90625	0.65625	7.6275
0.9375	0.65625	9.68894
0.96875	0.65625	9.32556
1	0.65625	4.73439e-16

0	0.6875	1.15497
0.03125	0.6875	1.29928
0.0625	0.6875	1.41846
0.09375	0.6875	1.57308
0.125	0.6875	1.96644
0.15625	0.6875	2.14373
0.1875	0.6875	2.49064
0.21875	0.6875	2.73729
0.25	0.6875	3.07682
0.28125	0.6875	3.35969
0.3125	0.6875	3.61838
0.34375	0.6875	3.99386
0.375	0.6875	4.28168
0.40625	0.6875	4.64059
0.4375	0.6875	4.89073
0.46875	0.6875	5.28458
0.5	0.6875	5.39765
0.53125	0.6875	5.77033
0.5625	0.6875	5.80441
0.59375	0.6875	6.19896
0.625	0.6875	6.23496
0.65625	0.6875	6.57281
0.6875	0.6875	6.41583
0.71875	0.6875	6.65469
0.75	0.6875	6.38541
0.78125	0.6875	6.54154
0.8125	0.6875	6.26099
0.84375	0.6875	6.29155
0.875	0.6875	6.83967
0.90625	0.6875	6.48764
0.9375	0.6875	8.32194
0.96875	0.6875	7.79374
1	0.6875	5.23809e-16

0	0.71875	1.28672
0.03125	0.71875	1.43618
0.0625	0.71875	1.69245
0.09375	0.71875	1.8584
0.125	0.71875	2.22854
0.15625	0.71875	2.44051
0.1875	0.71875	2.78373
0.21875	0.71875	3.04849
0.25	0.71875	3.3476
0.28125	0.71875	3.67678
0.3125	0.71875	3.95003
0.34375	0.71875	4.31723
0.375	0.71875	4.5862
0.40625	0.71875	4.96259
0.4375	0.71875	5.14419
0.46875	0.71875	5.52746
0.5	0.71875	5.60103
0.53125	0.71875	5.98465
0.5625	0.71875	6.01968
0.59375	0.71875	6.38589
0.625	0.71875	6.3254
0.65625	0.71875	6.61375
0.6875	0.71875	6.40062
0.71875	0.71875	6.59811
0.75	0.71875	6.3232
0.78125	0.71875	6.41655
0.8125	0.71875	6.55033
0.84375	0.71875	6.3896
0.875	0.71875	7.5808
0.90625	0.71875	7.14069
0.9375	0.71875	8.96218
0.96875	0.71875	8.33903
1	0.71875	5.79232e-16

0	0.75	1.44359
0.03125	0.75	1.69634
0.0625	0.75	1.7277
0.09375	0.75	1.72772
0.125	0.75	2.32101
0.15625	0.75	2.47523
0.1875	0.75	2.98394
0.21875	0.75	3.23274
0.25	0.75	3.64257
0.28125	0.75	4.03424
0.3125	0.75	4.36934
0.34375	0.75	4.79314
0.375	0.75	4.9995
0.40625	0.75	5.52067
0.4375	0.75	5.67843
0.46875	0.75	6.17945
0.5	0.75	6.14301
0.53125	0.75	6.67031
0.5625	0.75	6.59351
0.59375	0.75	7.05474
0.625	0.75	6.91067
0.65625	0.75	7.28545
0.6875	0.75	6.89354
0.71875	0.75	7.22176
0.75	0.75	6.69767
0.78125	0.75	6.82494
0.8125	0.75	6.32212
0.84375	0.75	6.25816
0.875	0.75	6.13562
0.90625	0.75	6.08071
0.9375	0.75	7.26555
0.96875	0.75	6.852
1	0.75	6.40242e-16

0	0.78125	1.58565
0.03125	0.78125	1.71203
0.0625	0.78125	2.02436
0.09375	0.78125	2.10148
0.125	0.78125	2.65248
0.15625	0.78125	2.85399
0.1875	0.78125	3.31325
0.21875	0.78125	3.63349
0.25	0.78125	4.00596
0.28125	0.78125	4.41369
0.3125	0.78125	4.68442
0.34375	0.78125	5.1569
0.375	0.78125	5.33897
0.40625	0.78125	5.85006
0.4375	0.78125	5.91072
0.46875	0.78125	6.42488
0.5	0.78125	6.36826
0.53125	0.78125	6.86252
0.5625	0.78125	6.75209
0.59375	0.78125	7.17009
0.625	0.78125	6.9021
0.65625	0.78125	7.2536
0.6875	0.78125	6.79561
0.71875	0.78125	7.02335
0.75	0.78125	6.5099
0.78125	0.78125	6.54155
0.8125	0.78125	6.22887
0.84375	0.78125	6.16944
0.875	0.78125	6.70058
0.90625	0.78125	6.46636
0.9375	0.78125	7.71587
0.96875	0.78125	7.07158
1	0.78125	7.07428e-16

0	0.8125	1.94908
0.03125	0.8125	1.62481
0.0625	0.8125	1.72774
0.09375	0.8125	1.84869
0.125	0.8125	2.62945
0.15625	0.8125	2.80848
0.1875	0.8125	3.48154
0.21875	0.8125	3.6839
0.25	0.8125	4.42592
0.28125	0.8125	4.89428
0.3125	0.8125	5.21693
0.34375	0.8125	5.5037
0.375	0.8125	6.04184
0.40625	0.8125	6.65615
0.4375	0.8125	6.68047
0.46875	0.8125	6.93781
0.5	0.8125	7.1976
0.53125	0.8125	7.82426
0.5625	0.8125	7.51597
0.59375	0.8125	7.66768
0.625	0.8125	7.66023
0.65625	0.8125	8.16226
0.6875	0.8125	7.54998
0.71875	0.8125	7.46774
0.75	0.8125	6.95222
0.78125	0.8125	7.15962
0.8125	0.8125	6.1942
0.84375	0.8125	5.98772
0.875	0.8125	6.02581
0.90625	0.8125	5.68037
0.9375	0.8125	6.43846
0.96875	0.8125	5.62249
1	0.8125	7.81438e-16

0	0.84375	1.83841
0.03125	0.84375	1.73675
0.0625	0.84375	2.1786
0.09375	0.84375	2.32859
0.125	0.84375	3.0555
0.15625	0.84375	3.24619
0.1875	0.84375	3.95373
0.21875	0.84375	4.28909
0.25	0.84375	4.82142
0.28125	0.84375	5.19899
0.3125	0.84375	5.62938
0.34375	0.84375	6.07993
0.375	0.84375	6.36116
0.40625	0.84375	6.79698
0.4375	0.84375	6.93903
0.46875	0.84375	7.38104
0.5	0.84375	7.35678
0.53125	0.84375	7.74597
0.5625	0.84375	7.5881
0.59375	0.84375	7.91497
0.625	0.84375	7.6051
0.65625	0.84375	7.815
0.6875	0.84375	7.2511
0.71875	0.84375	7.31368
0.75	0.84375	6.57321
0.78125	0.84375	6.57367
0.8125	0.84375	6.11
0.84375	0.84375	5.83404
0.875	0.84375	6.23213
0.90625	0.84375	5.65143
0.9375	0.84375	6.4273
0.96875	0.84375	5.52016
1	0.84375	8.62985e-16

0	0.875	1.30054
0.03125	0.875	1.8191
0.0625	0.875	1.96964
0.09375	0.875	1.9293
0.125	0.875	2.98752
0.15625	0.875	2.58548
0.1875	0.875	3.88627
0.21875	0.875	3.82844
0.25	0.875	5.36264
0.28125	0.875	4.51468
0.3125	0.875	5.79047
0.34375	0.875	5.59096
0.375	0.875	7.27047
0.40625	0.875	6.04854
0.4375	0.875	7.19515
0.46875	0.875	6.83184
0.5	0.875	8.45093
0.53125	0.875	6.95486
0.5625	0.875	7.81939
0.59375	0.875	7.27604
0.625	0.875	8.6643
0.65625	0.875	7.03086
0.6875	0.875	7.38551
0.71875	0.875	6.70799
0.75	0.875	7.36702
0.78125	0.875	5.90669
0.8125	0.875	5.78123
0.84375	0.875	5.02626
0.875	0.875	5.33494
0.90625	0.875	4.25517
0.9375	0.875	4.80652
0.96875	0.875	3.92426
1	0.875	9.52857e-16

0	0.90625	1.63509
0.03125	0.90625	1.88313
0.0625	0.90625	2.56633
0.09375	0.90625	2.29259
0.125	0.90625	3.60903
0.15625	0.90625	3.26708
0.1875	0.90625	4.87436
0.21875	0.90625	4.25429
0.25	0.90625	5.89463
0.28125	0.90625	5.15498
0.3125	0.90625	6.90448
0.34375	0.90625	5.93741
0.375	0.90625	7.64839
0.40625	0.90625	6.56884
0.4375	0.90625	8.26422
0.46875	0.90625	7.02804
0.5	0.90625	8.58498
0.53125	0.90625	7.251
0.5625	0.90625	8.68302
0.59375	0.90625	7.28465
0.625	0.90625	8.44048
0.65625	0.90625	6.99123
0.6875	0.90625	7.75027
0.71875	0.90625	6.41508
0.75	0.90625	6.89219
0.78125	0.90625	5.55601
0.8125	0.90625	5.80799
0.84375	0.90625	4.7086
0.875	0.90625	5.24287
0.90625	0.90625	4.13334
0.9375	0.90625	4.70077
0.96875	0.90625	3.64575
1	0.90625	1.05192e-15

0	0.9375	2.32881
0.03125	0.9375	1.36696
0.0625	0.9375	2.14371
0.09375	0.9375	1.53125
0.125	0.9375	2.69202
0.15625	0.9375	2.04459
0.1875	0.9375	4.51346
0.21875	0.9375	3.16765
0.25	0.9375	4.61529
0.28125	0.9375	3.3959
0.3125	0.9375	6.50928
0.34375	0.9375	4.47841
0.375	0.9375	6.07076
0.40625	0.9375	4.34764
0.4375	0.9375	7.79119
0.46875	0.9375	5.24591
0.5	0.9375	6.80912
0.53125	0.9375	4.74104
0.5625	0.9375	8.05879
0.59375	0.9375	5.30068
0.625	0.9375	6.64834
0.65625	0.9375	4.4814
0.6875	0.9375	7.15814
0.71875	0.9375	4.57778
0.75	0.9375	5.40744
0.78125	0.9375	3.50553
0.8125	0.9375	5.02884
0.84375	0.9375	3.08851
0.875	0.9375	3.70032
0.90625	0.9375	2.17448
0.9375	0.9375	3.31411
0.96875	0.9375	1.71913
1	0.9375	1.16113e-15

0	0.96875	2.09579
0.03125	0.96875	1.55946
0.0625	0.96875	3.14199
0.09375	0.96875	2.51595
0.125	0.96875	5.16363
0.15625	0.96875	3.92386
0.1875	0.96875	6.90204
0.21875	0.96875	5.13857
0.25	0.96875	8.5869
0.28125	0.96875	6.26166
0.3125	0.96875	9.88536
0.34375	0.96875	7.1159
0.375	0.96875	10.9589
0.40625	0.96875	7.77415
0.4375	0.96875	11.6058
0.46875	0.96875	8.13094
0.5	0.96875	11.8519
0.53125	0.96875	8.19784
0.5625	0.96875	11.714
0.59375	0.96875	7.98545
0.625	0.96875	11.0386
0.65625	0.96875	7.42251
0.6875	0.96875	10.0342
0.71875	0.96875	6.62191
0.75	0.96875	8.44142
0.78125	0.96875	5.46545
0.8125	0.96875	6.93586
0.84375	0.96875	4.30478
0.875	0.96875	5.32767
0.90625	0.96875	3.06063
0.9375	0.96875	3.78325
0.96875	0.96875	1.83312
1	0.96875	1.28154e-15

0	1	0
0.03125	1	1.13197
0.0625	1	2.25305
0.09375	1	3.35242
0.125	1	4.41951
0.15625	1	5.44404
0.1875	1	6.41614
0.21875	1	7.32644
0.25	1	8.16619
0.28125	1	8.9273
0.3125	1	9.60243
0.34375	1	10.1851
0.375	1	10.6696
0.40625	1	11.0515
0.4375	1	11.3268
0.46875	1	11.4931
0.5	1	11.5487
0.53125	1	11.4931
0.5625	1	11.3268
0.59375	1	11.0515
0.625	1	10.6696
0.65625	1	10.1851
0.6875	1	9.60243
0.71875	1	8.9273
0.75	1	8.16619
0.78125	1	7.32644
0.8125	1	6.41614
0.84375	1	5.44404
0.875	1	4.41951
0.90625	1	3.35242
0.9375	1	2.25305
0.96875	1	1.13197
1	1	1.41431e-15

