0	0	0
0.03125	0	0
0.0625	0	0
0.09375	0	2.15352
0.125	0	0
0.15625	0	81.1977
0.1875	0	112.539
0.21875	0	224.36
0.25	0	0
0.28125	0	268.716
0.3125	0	467.384
0.34375	0	638.211
0.375	0	1184.33
0.40625	0	1179.78
0.4375	0	1333.54
0.46875	0	1266.46
0.5	0	0
0.53125	0	533.467
0.5625	0	852.56
0.59375	0	1030.65
0.625	0	1197.42
0.65625	0	1319.82
0.6875	0	1549.67
0.71875	0	1470.73
0.75	0	7.21796
0.78125	0	543.541
0.8125	0	764.219
0.84375	0	936.835
0.875	0	1213.01
0.90625	0	1167.19
0.9375	0	1229.77
0.96875	0	1039.31
1	0	0

0	0.03125	0
0.03125	0.03125	1.09722
0.0625	0.03125	0.0705427
0.09375	0.03125	41.6801
0.125	0.03125	56.4911
0.15625	0.03125	152.76
0.1875	0.03125	56.7904
0.21875	0.03125	246.659
0.25	0.03125	234.097
0.28125	0.03125	453.697
0.3125	0.03125	824.783
0.34375	0.03125	908.686
0.375	0.03125	1258.08
0.40625	0.03125	1222.78
0.4375	0.03125	668.752
0.46875	0.03125	900.577
0.5	0.03125	427.699
0.53125	0.03125	782.519
0.5625	0.03125	1024.33
0.59375	0.03125	1175.08
0.625	0.03125	1372.9
0.65625	0.03125	1394.97
0.6875	0.03125	780.701
0.71875	0.03125	1007.81
0.75	0.03125	387.565
0.78125	0.03125	740.737
0.8125	0.03125	987.771
0.84375	0.03125	1051.74
0.875	0.03125	1220.75
0.90625	0.03125	1102.86
0.9375	0.03125	617.572
0.96875	0.03125	521.038
1	0.03125	1.20423e-17

0	0.0625	0
0.03125	0.0625	0.0704142
0.0625	0.0625	4.45495
0.09375	0.0625	83.1525
0.125	0.0625	162.393
0.15625	0.0625	235.862
0.1875	0.0625	336.053
0.21875	0.0625	492.276
0.25	0.0625	537.478
0.28125	0.0625	770.962
0.3125	0.0625	809.297
0.34375	0.0625	1038.23
0.375	0.0625	1175.13
0.40625	0.0625	1341.61
0.4375	0.0625	1199.33
0.46875	0.0625	1461.51
0.5	0.0625	1067.2
0.53125	0.0625	1462.74
0.5625	0.0625	1209.15
0.59375	0.0625	1563.42
0.625	0.0625	1442.22
0.65625	0.0625	1706.23
0.6875	0.0625	1391.7
0.71875	0.0625	1660.6
0.75	0.0625	1080.1
0.78125	0.0625	1444.67
0.8125	0.0625	1109.65
0.84375	0.0625	1334.7
0.875	0.0625	1121.14
0.90625	0.0625	1216.32
0.9375	0.0625	848.023
0.96875	0.0625	829.072
1	0.0625	2.42007e-17

0	0.09375	2.15352
0.03125	0.09375	41.5419
0.0625	0.09375	83.4272
0.09375	0.09375	159.501
0.125	0.09375	249.303
0.15625	0.09375	364.092
0.1875	0.09375	436.846
0.21875	0.09375	631.607
0.25	0.09375	673.358
0.28125	0.09375	904.548
0.3125	0.09375	992.108
0.34375	0.09375	1189.96
0.375	0.09375	1187.46
0.40625	0.09375	1401.92
0.4375	0.09375	1133.99
0.46875	0.09375	1462.71
0.5	0.09375	1138.81
0.53125	0.09375	1513.56
0.5625	0.09375	1326.06
0.59375	0.09375	1635.26
0.625	0.09375	1417.53
0.65625	0.09375	1684.06
0.6875	0.09375	1236.87
0.71875	0.09375	1553.42
0.75	0.09375	1095.69
0.78125	0.09375	1390.38
0.8125	0.09375	1115.97
0.84375	0.09375	1276.44
0.875	0.09375	985.829
0.90625	0.09375	1025.02
0.9375	0.09375	428.404
0.96875	0.09375	418.388
1	0.09375	3.65926e-17

0	0.125	0
0.03125	0.125	56.4901
0.0625	0.125	161.84
0.09375	0.125	247.926
0.125	0.125	309.469
0.15625	0.125	479.626
0.1875	0.125	648.646
0.21875	0.125	796.788
0.25	0.125	1004.42
0.28125	0.125	1199.67
0.3125	0.125	1267.01
0.34375	0.125	1506.39
0.375	0.125	1508.47
0.40625	0.125	1794.23
0.4375	0.125	1725.06
0.46875	0.125	2028.56
0.5	0.125	1859.6
0.53125	0.125	2189.66
0.5625	0.125	1918.43
0.59375	0.125	2275.43
0.625	0.125	1971.28
0.65625	0.125	2296.21
0.6875	0.125	1931.31
0.71875	0.125	2240.68
0.75	0.125	1810.89
0.78125	0.125	2062.54
0.8125	0.125	1560.85
0.84375	0.125	1783.8
0.875	0.125	1313.73
0.90625	0.125	1434.51
0.9375	0.125	816.338
0.96875	0.125	951.245
1	0.125	4.93374e-17

0	0.15625	80.9186
0.03125	0.15625	152.07
0.0625	0.15625	235.588
0.09375	0.15625	363.691
0.125	0.15625	479.06
0.15625	0.15625	638.182
0.1875	0.15625	826.565
0.21875	0.15625	998.226
0.25	0.15625	1135.79
0.28125	0.15625	1353.11
0.3125	0.15625	1387.93
0.34375	0.15625	1650.55
0.375	0.15625	1617.19
0.40625	0.15625	1911.9
0.4375	0.15625	1793
0.46875	0.15625	2109.79
0.5	0.15625	1889.76
0.53125	0.15625	2233.26
0.5625	0.15625	1945.62
0.59375	0.15625	2286.57
0.625	0.15625	1952.14
0.65625	0.15625	2269.28
0.6875	0.15625	1871.99
0.71875	0.15625	2152.47
0.75	0.15625	1686.74
0.78125	0.15625	1924.1
0.8125	0.15625	1438.32
0.84375	0.15625	1610.57
0.875	0.15625	1066.86
0.90625	0.15625	1196.18
0.9375	0.15625	414.511
0.96875	0.15625	481.329
1	0.15625	6.25581e-17

0	0.1875	112.539
0.03125	0.1875	56.7942
0.0625	0.1875	333.858
0.09375	0.1875	436.465
0.125	0.1875	649.814
0.15625	0.1875	830.55
0.1875	0.1875	945.006
0.21875	0.1875	1172.97
0.25	0.1875	1395.03
0.28125	0.1875	1639.85
0.3125	0.1875	1746.12
0.34375	0.1875	2028.81
0.375	0.1875	2080.83
0.40625	0.1875	2407.74
0.4375	0.1875	2333.43
0.46875	0.1875	2665.72
0.5	0.1875	2521.22
0.53125	0.1875	2888.75
0.5625	0.1875	2633.92
0.59375	0.1875	2966.67
0.625	0.1875	2622.8
0.65625	0.1875	2977.59
0.6875	0.1875	2551.87
0.71875	0.1875	2834.79
0.75	0.1875	2315.91
0.78125	0.1875	2603.11
0.8125	0.1875	2008.7
0.84375	0.1875	2182.36
0.875	0.1875	1558.72
0.90625	0.1875	1685.51
0.9375	0.1875	1094.48
0.96875	0.1875	1080.81
1	0.1875	7.63823e-17

0	0.21875	223.244
0.03125	0.21875	246.469
0.0625	0.21875	491.774
0.09375	0.21875	633.429
0.125	0.21875	797.422
0.15625	0.21875	1001.75
0.1875	0.21875	1170.08
0.21875	0.21875	1406.45
0.25	0.21875	1570.74
0.28125	0.21875	1834.53
0.3125	0.21875	1913.83
0.34375	0.21875	2218.68
0.375	0.21875	2207.69
0.40625	0.21875	2537.35
0.4375	0.21875	2428.07
0.46875	0.21875	2778.05
0.5	0.21875	2578.48
0.53125	0.21875	2928.66
0.5625	0.21875	2629.36
0.59375	0.21875	2973.13
0.625	0.21875	2588.36
0.65625	0.21875	2907.17
0.6875	0.21875	2434.87
0.71875	0.21875	2719.89
0.75	0.21875	2163.27
0.78125	0.21875	2393.79
0.8125	0.21875	1784.88
0.84375	0.21875	1935.58
0.875	0.21875	1328.65
0.90625	0.21875	1387.16
0.9375	0.21875	555.422
0.96875	0.21875	547.735
1	0.21875	9.09433e-17

0	0.25	0
0.03125	0.25	237.688
0.0625	0.25	538.937
0.09375	0.25	674.67
0.125	0.25	1011.32
0.15625	0.25	1145.51
0.1875	0.25	1401.05
0.21875	0.25	1582.15
0.25	0.25	1884.98
0.28125	0.25	2104.79
0.3125	0.25	2312.18
0.34375	0.25	2596.75
0.375	0.25	2735.75
0.40625	0.25	3007.34
0.4375	0.25	2999.52
0.46875	0.25	3334.36
0.5	0.25	3258.09
0.53125	0.25	3543.68
0.5625	0.25	3301.42
0.59375	0.25	3639.14
0.625	0.25	3334.43
0.65625	0.25	3590.2
0.6875	0.25	3119.68
0.71875	0.25	3408.92
0.75	0.25	2892.2
0.78125	0.25	3063.33
0.8125	0.25	2358.27
0.84375	0.25	2535.72
0.875	0.25	1816.13
0.90625	0.25	1919.09
0.9375	0.25	1077.12
0.96875	0.25	1223.31
1	0.25	1.06382e-16

0	0.28125	269.441
0.03125	0.28125	456.152
0.0625	0.28125	775.157
0.09375	0.28125	910.091
0.125	0.28125	1206.2
0.15625	0.28125	1363.8
0.1875	0.28125	1643.05
0.21875	0.28125	1843.52
0.25	0.28125	2098.75
0.28125	0.28125	2351.02
0.3125	0.28125	2524.35
0.34375	0.28125	2802.54
0.375	0.28125	2868.24
0.40625	0.28125	3171.57
0.4375	0.28125	3129.62
0.46875	0.28125	3439.95
0.5	0.28125	3280.76
0.53125	0.28125	3592.51
0.5625	0.28125	3319.06
0.59375	0.28125	3615.85
0.625	0.28125	3228.22
0.65625	0.28125	3500.69
0.6875	0.28125	3007.02
0.71875	0.28125	3237.16
0.75	0.28125	2626.25
0.78125	0.28125	2800.64
0.8125	0.28125	2088.39
0.84375	0.28125	2229.11
0.875	0.28125	1448.8
0.90625	0.28125	1575.69
0.9375	0.28125	548.358
0.96875	0.28125	620.343
1	0.28125	1.22846e-16

0	0.3125	474.619
0.03125	0.3125	828.462
0.0625	0.3125	810.492
0.09375	0.3125	997.758
0.125	0.3125	1279.7
0.15625	0.3125	1406.99
0.1875	0.3125	1763.3
0.21875	0.3125	1938.03
0.25	0.3125	2324.91
0.28125	0.3125	2547.12
0.3125	0.3125	2882.06
0.34375	0.3125	3090.77
0.375	0.3125	3280.13
0.40625	0.3125	3555.35
0.4375	0.3125	3670.83
0.46875	0.3125	3896.56
0.5	0.3125	3831.25
0.53125	0.3125	4122.9
0.5625	0.3125	3979.12
0.59375	0.3125	4188.7
0.625	0.3125	3848.29
0.65625	0.3125	4112.45
0.6875	0.3125	3700.31
0.71875	0.3125	3855.65
0.75	0.3125	3236.48
0.78125	0.3125	3436.11
0.8125	0.3125	2715.48
0.84375	0.3125	2815.33
0.875	0.3125	2026.07
0.90625	0.3125	2105.4
0.9375	0.3125	1380.99
0.96875	0.3125	1325.2
1	0.3125	1.40495e-16

0	0.34375	642.38
0.03125	0.34375	913.323
0.0625	0.34375	1045.18
0.09375	0.34375	1202.33
0.125	0.34375	1521.41
0.15625	0.34375	1672.34
0.1875	0.34375	2044.01
0.21875	0.34375	2242.52
0.25	0.34375	2603.55
0.28125	0.34375	2819.14
0.3125	0.34375	3081.41
0.34375	0.34375	3323.52
0.375	0.34375	3476.05
0.40625	0.34375	3726.68
0.4375	0.34375	3751.85
0.46875	0.34375	4010.7
0.5	0.34375	3906.21
0.53125	0.34375	4156.96
0.5625	0.34375	3914.88
0.59375	0.34375	4151.82
0.625	0.34375	3775.51
0.65625	0.34375	3985.24
0.6875	0.34375	3469.52
0.71875	0.34375	3646.96
0.75	0.34375	2977.01
0.78125	0.34375	3126.85
0.8125	0.34375	2371.96
0.84375	0.34375	2462.15
0.875	0.34375	1705.8
0.90625	0.34375	1720.27
0.9375	0.34375	701.658
0.96875	0.34375	672.42
1	0.34375	1.595e-16

0	0.375	1184.33
0.03125	0.375	1272.5
0.0625	0.375	1185.23
0.09375	0.375	1199.42
0.125	0.375	1534.04
0.15625	0.375	1647.89
0.1875	0.375	2112.56
0.21875	0.375	2248.47
0.25	0.375	2769.46
0.28125	0.375	2910.75
0.3125	0.375	3300.1
0.34375	0.375	3508.32
0.375	0.375	3831.7
0.40625	0.375	3990.07
0.4375	0.375	4123.9
0.46875	0.375	4349.17
0.5	0.375	4416.6
0.53125	0.375	4559.85
0.5625	0.375	4400.63
0.59375	0.375	4612.74
0.625	0.375	4379.03
0.65625	0.375	4478.05
0.6875	0.375	4013.25
0.71875	0.375	4173.32
0.75	0.375	3637.79
0.78125	0.375	3688.05
0.8125	0.375	2917.46
0.84375	0.375	3021.06
0.875	0.375	2188.84
0.90625	0.375	2229.81
0.9375	0.375	1282.12
0.96875	0.375	1402.67
1	0.375	1.80043e-16

0	0.40625	1184.81
0.03125	0.40625	1235.94
0.0625	0.40625	1359.42
0.09375	0.40625	1423.23
0.125	0.40625	1822.95
0.15625	0.40625	1947.82
0.1875	0.40625	2440.76
0.21875	0.40625	2579.43
0.25	0.40625	3034.73
0.28125	0.40625	3209.64
0.3125	0.40625	3566.12
0.34375	0.40625	3749.6
0.375	0.40625	3978.31
0.40625	0.40625	4170.33
0.4375	0.40625	4271.04
0.46875	0.40625	4455.49
0.5	0.40625	4409.65
0.53125	0.40625	4587.49
0.5625	0.40625	4391.03
0.59375	0.40625	4546.68
0.625	0.40625	4197.38
0.65625	0.40625	4326.93
0.6875	0.40625	3826.67
0.71875	0.40625	3931.79
0.75	0.40625	3278.65
0.78125	0.40625	3355.67
0.8125	0.40625	2554.29
0.84375	0.40625	2627.2
0.875	0.40625	1737.76
0.90625	0.40625	1821.43
0.9375	0.40625	653.192
0.96875	0.40625	711.887
1	0.40625	2.02323e-16

0	0.4375	1362.48
0.03125	0.4375	683.44
0.0625	0.4375	1213.09
0.09375	0.4375	1153
0.125	0.4375	1761
0.15625	0.4375	1838.05
0.1875	0.4375	2383.86
0.21875	0.4375	2487.09
0.25	0.4375	3051.93
0.28125	0.4375	3194.82
0.3125	0.4375	3716.99
0.34375	0.4375	3808.51
0.375	0.4375	4149.48
0.40625	0.4375	4310.65
0.4375	0.4375	4576.03
0.46875	0.4375	4654.23
0.5	0.4375	4705.17
0.53125	0.4375	4851.6
0.5625	0.4375	4827.26
0.59375	0.4375	4854.84
0.625	0.4375	4579.56
0.65625	0.4375	4676.4
0.6875	0.4375	4335.7
0.71875	0.4375	4327.12
0.75	0.4375	3740.32
0.78125	0.4375	3799.46
0.8125	0.4375	3126.86
0.84375	0.4375	3088.5
0.875	0.4375	2274.91
0.90625	0.4375	2257.28
0.9375	0.4375	1536.8
0.96875	0.4375	1413.4
1	0.4375	2.26554e-16

0	0.46875	1287.68
0.03125	0.46875	917.294
0.0625	0.46875	1486.27
0.09375	0.46875	1494.65
0.125	0.46875	2071.77
0.15625	0.46875	2161.99
0.1875	0.46875	2717.45
0.21875	0.46875	2840.64
0.25	0.46875	3384.28
0.28125	0.46875	3501.68
0.3125	0.46875	3933.37
0.34375	0.46875	4059.93
0.375	0.46875	4363.21
0.40625	0.46875	4483.14
0.4375	0.46875	4641.37
0.46875	0.46875	4753.92
0.5	0.46875	4767.25
0.53125	0.46875	4854.46
0.5625	0.46875	4704.63
0.59375	0.46875	4766.95
0.625	0.46875	4458.89
0.65625	0.46875	4503.03
0.6875	0.46875	4039.15
0.71875	0.46875	4064.39
0.75	0.46875	3434.56
0.78125	0.46875	3445.06
0.8125	0.46875	2701.95
0.84375	0.46875	2674.63
0.875	0.46875	1908.11
0.90625	0.46875	1840.72
0.9375	0.46875	781.127
0.96875	0.46875	717.674
1	0.46875	2.52971e-16

0	0.5	0
0.03125	0.5	450.77
0.0625	0.5	1091.25
0.09375	0.5	1165.22
0.125	0.5	1913.78
0.15625	0.5	1947.7
0.1875	0.5	2589.43
0.21875	0.5	2656.72
0.25	0.5	3337.34
0.28125	0.5	3367.1
0.3125	0.5	3900.28
0.34375	0.5	3986.89
0.375	0.5	4472.73
0.40625	0.5	4475.4
0.4375	0.5	4733.98
0.46875	0.5	4809.36
0.5	0.5	5000.11
0.53125	0.5	4955.72
0.5625	0.5	4884.87
0.59375	0.5	4908.97
0.625	0.5	4775.77
0.65625	0.5	4701.41
0.6875	0.5	4320.83
0.71875	0.5	4314.72
0.75	0.5	3860.53
0.78125	0.5	3765.23
0.8125	0.5	3052.17
0.84375	0.5	3013.41
0.875	0.5	2243.65
0.90625	0.5	2198.37
0.9375	0.5	1304.04
0.96875	0.5	1351.08
1	0.5	2.81828e-16

0	0.53125	545.448
0.03125	0.53125	807.09
0.0625	0.53125	1501.66
0.09375	0.53125	1555.51
0.125	0.53125	2250.77
0.15625	0.53125	2301.45
0.1875	0.53125	2962.73
0.21875	0.53125	3011.43
0.25	0.53125	3618.44
0.28125	0.53125	3676.88
0.3125	0.53125	4186.48
0.34375	0.53125	4231.4
0.375	0.53125	4603.69
0.40625	0.53125	4643.02
0.4375	0.53125	4867.72
0.46875	0.53125	4883.51
0.5	0.53125	4943.47
0.53125	0.53125	4933.58
0.5625	0.53125	4831.51
0.59375	0.53125	4806.53
0.625	0.53125	4549.54
0.65625	0.53125	4509.34
0.6875	0.53125	4091.8
0.71875	0.53125	4041.05
0.75	0.53125	3457.29
0.78125	0.53125	3390.35
0.8125	0.53125	2648.9
0.84375	0.53125	2607.52
0.875	0.53125	1776
0.90625	0.53125	1780
0.9375	0.53125	664.869
0.96875	0.53125	686.473
1	0.53125	3.13403e-16

0	0.5625	898.881
0.03125	0.5625	1046.16
0.0625	0.5625	1237.53
0.09375	0.5625	1358.3
0.125	0.5625	1979.92
0.15625	0.5625	2014.03
0.1875	0.5625	2722.69
0.21875	0.5625	2721.82
0.25	0.5625	3396.12
0.28125	0.5625	3423.87
0.3125	0.5625	4073.45
0.34375	0.5625	4016.17
0.375	0.5625	4478.73
0.40625	0.5625	4479.99
0.4375	0.5625	4886.1
0.46875	0.5625	4771.37
0.5	0.5625	4913.3
0.53125	0.5625	4870.94
0.5625	0.5625	4935.46
0.59375	0.5625	4794.28
0.625	0.5625	4629.55
0.65625	0.5625	4561.19
0.6875	0.5625	4310.87
0.71875	0.5625	4165.68
0.75	0.5625	3671.8
0.78125	0.5625	3604.34
0.8125	0.5625	2976.58
0.84375	0.5625	2867.76
0.875	0.5625	2156.97
0.90625	0.5625	2072.64
0.9375	0.5625	1412.21
0.96875	0.5625	1276.38
1	0.5625	3.48002e-16

0	0.59375	1067.81
0.03125	0.59375	1201.74
0.0625	0.59375	1608.01
0.09375	0.59375	1685.21
0.125	0.59375	2350.32
0.15625	0.59375	2366.96
0.1875	0.59375	3058.5
0.21875	0.59375	3072.14
0.25	0.59375	3734.16
0.28125	0.59375	3719.7
0.3125	0.59375	4275.82
0.34375	0.59375	4248.15
0.375	0.59375	4682.53
0.40625	0.59375	4626.15
0.4375	0.59375	4900.18
0.46875	0.59375	4821.98
0.5	0.59375	4925.19
0.53125	0.59375	4833.73
0.5625	0.59375	4783.56
0.59375	0.59375	4679
0.625	0.59375	4471.37
0.65625	0.59375	4364.68
0.6875	0.59375	3992.41
0.71875	0.59375	3886.07
0.75	0.59375	3325.11
0.78125	0.59375	3237.07
0.8125	0.59375	2567.75
0.84375	0.59375	2471.82
0.875	0.59375	1786.7
0.90625	0.59375	1679.71
0.9375	0.59375	718.72
0.96875	0.59375	648.799
1	0.59375	3.85957e-16

0	0.625	1193.18
0.03125	0.625	1408.21
0.0625	0.625	1477.58
0.09375	0.625	1456.74
0.125	0.625	2046.06
0.15625	0.625	2027.6
0.1875	0.625	2719.13
0.21875	0.625	2689.27
0.25	0.625	3450.36
0.28125	0.625	3344.63
0.3125	0.625	3958.36
0.34375	0.625	3893.2
0.375	0.625	4481.47
0.40625	0.625	4302.84
0.4375	0.625	4657.59
0.46875	0.625	4544.11
0.5	0.625	4830.21
0.53125	0.625	4609.71
0.5625	0.625	4655.23
0.59375	0.625	4506.08
0.625	0.625	4495.16
0.65625	0.625	4268.39
0.6875	0.625	4022.65
0.71875	0.625	3882.9
0.75	0.625	3538.69
0.78125	0.625	3339.73
0.8125	0.625	2760.79
0.84375	0.625	2646.89
0.875	0.625	1992.02
0.90625	0.625	1897.82
0.9375	0.625	1154.31
0.96875	0.625	1166.27
1	0.625	4.27636e-16

0	0.65625	1335.28
0.03125	0.65625	1431.86
0.0625	0.65625	1760.82
0.09375	0.65625	1740.85
0.125	0.65625	2381.26
0.15625	0.65625	2357.18
0.1875	0.65625	3083.5
0.21875	0.65625	3015.95
0.25	0.65625	3703.37
0.28125	0.65625	3618.29
0.3125	0.65625	4219.27
0.34375	0.65625	4097.78
0.375	0.65625	4569.27
0.40625	0.65625	4423.65
0.4375	0.65625	4744.03
0.46875	0.65625	4577.45
0.5	0.65625	4743.21
0.53125	0.65625	4558.77
0.5625	0.65625	4575.96
0.59375	0.65625	4388.28
0.625	0.65625	4259.83
0.65625	0.65625	4076.73
0.6875	0.65625	3781.57
0.71875	0.65625	3612.27
0.75	0.65625	3150.52
0.78125	0.65625	2994.23
0.8125	0.65625	2377.23
0.84375	0.65625	2273.79
0.875	0.65625	1575.04
0.90625	0.65625	1536.82
0.9375	0.65625	589.003
0.96875	0.65625	592.944
1	0.65625	4.73439e-16

0	0.6875	1624.55
0.03125	0.6875	818.837
0.0625	0.6875	1433.81
0.09375	0.6875	1278.97
0.125	0.6875	2006.38
0.15625	0.6875	1949.46
0.1875	0.6875	2656.9
0.21875	0.6875	2538.03
0.25	0.6875	3236.91
0.28125	0.6875	3126
0.3125	0.6875	3826.73
0.34375	0.6875	3591.88
0.375	0.6875	4123.67
0.40625	0.6875	3939.44
0.4375	0.6875	4430.87
0.46875	0.6875	4134.21
0.5	0.6875	4390.17
0.53125	0.6875	4164.6
0.5625	0.6875	4358.45
0.59375	0.6875	4042.4
0.625	0.6875	4043.43
0.65625	0.6875	3808
0.6875	0.6875	3744.94
0.71875	0.6875	3450.39
0.75	0.6875	3142.29
0.78125	0.6875	2945.54
0.8125	0.6875	2534.56
0.84375	0.6875	2321.26
0.875	0.6875	1806.93
0.90625	0.6875	1655.48
0.9375	0.6875	1191.13
0.96875	0.6875	1021.59
1	0.6875	5.23809e-16

0	0.71875	1528.98
0.03125	0.71875	1047.42
0.0625	0.71875	1718.51
0.09375	0.71875	1612.4
0.125	0.71875	2329.88
0.15625	0.71875	2242.13
0.1875	0.71875	2945.25
0.21875	0.71875	2830.63
0.25	0.71875	3530.37
0.28125	0.71875	3357.86
0.3125	0.71875	3974.04
0.34375	0.71875	3764.92
0.375	0.71875	4276.47
0.40625	0.71875	4036.5
0.4375	0.71875	4410.12
0.46875	0.71875	4149.48
0.5	0.71875	4374.29
0.53125	0.71875	4103.9
0.5625	0.71875	4201.2
0.59375	0.71875	3925.79
0.625	0.71875	3894.63
0.65625	0.71875	3629.9
0.6875	0.71875	3444.13
0.71875	0.71875	3198.64
0.75	0.71875	2838.9
0.78125	0.71875	2634.07
0.8125	0.71875	2171.28
0.84375	0.71875	1989.52
0.875	0.71875	1500.56
0.90625	0.71875	1342.77
0.9375	0.71875	606.193
0.96875	0.71875	519.467
1	0.71875	5.79232e-16

0	0.75	7.21796
0.03125	0.75	418.701
0.0625	0.75	1120.75
0.09375	0.75	1137.78
0.125	0.75	1889
0.15625	0.75	1761.16
0.1875	0.75	2415.85
0.21875	0.75	2262.01
0.25	0.75	3012.17
0.28125	0.75	2737.82
0.3125	0.75	3354.69
0.34375	0.75	3091.24
0.375	0.75	3753.58
0.40625	0.75	3386.53
0.4375	0.75	3836.74
0.46875	0.75	3529.95
0.5	0.75	3938.97
0.53125	0.75	3532.16
0.5625	0.75	3726.85
0.59375	0.75	3380.99
0.625	0.75	3573.46
0.65625	0.75	3185.27
0.6875	0.75	3156.89
0.71875	0.75	2857.29
0.75	0.75	2749.71
0.78125	0.75	2433.21
0.8125	0.75	2108.95
0.84375	0.75	1876.04
0.875	0.75	1506.64
0.90625	0.75	1334.88
0.9375	0.75	863.499
0.96875	0.75	796.724
1	0.75	6.40242e-16

0	0.78125	563.719
0.03125	0.78125	776.734
0.0625	0.78125	1503.15
0.09375	0.78125	1447.56
0.125	0.78125	2150.38
0.15625	0.78125	2009.65
0.1875	0.78125	2711.93
0.21875	0.78125	2498.1
0.25	0.78125	3181.44
0.28125	0.78125	2912.89
0.3125	0.78125	3552.34
0.34375	0.78125	3237.54
0.375	0.78125	3793.67
0.40625	0.78125	3457.27
0.4375	0.78125	3886.75
0.46875	0.78125	3530.5
0.5	0.78125	3832.18
0.53125	0.78125	3456.31
0.5625	0.78125	3649.71
0.59375	0.78125	3283.09
0.625	0.78125	3364.96
0.65625	0.78125	3021.42
0.6875	0.78125	2953.24
0.71875	0.78125	2645.46
0.75	0.78125	2429.33
0.78125	0.78125	2154.85
0.8125	0.78125	1807.89
0.84375	0.78125	1606.09
0.875	0.78125	1186.05
0.90625	0.78125	1069.09
0.9375	0.78125	440.614
0.96875	0.78125	405.442
1	0.78125	7.07428e-16

0	0.8125	826.702
0.03125	0.8125	1012.2
0.0625	0.8125	1151.4
0.09375	0.8125	1151.78
0.125	0.8125	1629.18
0.15625	0.8125	1502.76
0.1875	0.8125	2103.98
0.21875	0.8125	1869.63
0.25	0.8125	2459.48
0.28125	0.8125	2180.09
0.3125	0.8125	2824.17
0.34375	0.8125	2467.8
0.375	0.8125	3016.47
0.40625	0.8125	2642.8
0.4375	0.8125	3220.92
0.46875	0.8125	2784.18
0.5	0.8125	3123.86
0.53125	0.8125	2712.8
0.5625	0.8125	3034.2
0.59375	0.8125	2617.84
0.625	0.8125	2796.63
0.65625	0.8125	2408.83
0.6875	0.8125	2557.57
0.71875	0.8125	2191.77
0.75	0.8125	2116.69
0.78125	0.8125	1816.17
0.8125	0.8125	1643.26
0.84375	0.8125	1405.3
0.875	0.8125	1164.74
0.90625	0.8125	965.797
0.9375	0.8125	739.343
0.96875	0.8125	594.239
1	0.8125	7.81438e-16

0	0.84375	988.717
0.03125	0.84375	1081.02
0.0625	0.84375	1388.75
0.09375	0.84375	1325.38
0.125	0.84375	1864.29
0.15625	0.84375	1683.91
0.1875	0.84375	2279.19
0.21875	0.84375	2022.56
0.25	0.84375	2639.22
0.28125	0.84375	2321.62
0.3125	0.84375	2917.77
0.34375	0.84375	2553.2
0.375	0.84375	3116.34
0.40625	0.84375	2711.64
0.4375	0.84375	3170.36
0.46875	0.84375	2747.06
0.5	0.84375	3077.35
0.53125	0.84375	2664.08
0.5625	0.84375	2914.01
0.59375	0.84375	2512.42
0.625	0.84375	2675.99
0.65625	0.84375	2299.6
0.6875	0.84375	2336.29
0.71875	0.84375	2003.52
0.75	0.84375	1879.35
0.78125	0.84375	1610.35
0.8125	0.84375	1403.56
0.84375	0.84375	1185.63
0.875	0.84375	952.43
0.90625	0.84375	782.289
0.9375	0.84375	376.406
0.96875	0.84375	302.356
1	0.84375	8.62985e-16

0	0.875	1196.06
0.03125	0.875	1232.43
0.0625	0.875	1148.93
0.09375	0.875	1013.92
0.125	0.875	1371.67
0.15625	0.875	1113.44
0.1875	0.875	1630.16
0.21875	0.875	1391.99
0.25	0.875	1895.51
0.28125	0.875	1512.22
0.3125	0.875	2106.3
0.34375	0.875	1775.83
0.375	0.875	2264.42
0.40625	0.875	1797.92
0.4375	0.875	2343.36
0.46875	0.875	1968.12
0.5	0.875	2298.4
0.53125	0.875	1818.89
0.5625	0.875	2198.65
0.59375	0.875	1822.19
0.625	0.875	2018.83
0.65625	0.875	1595.58
0.6875	0.875	1824.3
0.71875	0.875	1516.07
0.75	0.875	1514.4
0.78125	0.875	1191.6
0.8125	0.875	1166.37
0.84375	0.875	954.015
0.875	0.875	767.322
0.90625	0.875	611.395
0.9375	0.875	455.958
0.96875	0.875	380.171
1	0.875	9.52857e-16

0	0.90625	1172.32
0.03125	0.90625	1122.18
0.0625	0.90625	1258.62
0.09375	0.90625	1061.56
0.125	0.90625	1498.44
0.15625	0.90625	1250.11
0.1875	0.90625	1760.09
0.21875	0.90625	1449.43
0.25	0.90625	1998.03
0.28125	0.90625	1641.17
0.3125	0.90625	2182.47
0.34375	0.90625	1784.18
0.375	0.90625	2301.11
0.40625	0.90625	1880.4
0.4375	0.90625	2318.37
0.46875	0.90625	1891.29
0.5	0.90625	2246.32
0.53125	0.90625	1818.46
0.5625	0.90625	2106.8
0.59375	0.90625	1707.19
0.625	0.90625	1919.95
0.65625	0.90625	1554.35
0.6875	0.90625	1668.06
0.71875	0.90625	1352.74
0.75	0.90625	1339.38
0.78125	0.90625	1071.84
0.8125	0.90625	966.049
0.84375	0.90625	782.183
0.875	0.90625	611.5
0.90625	0.90625	496.832
0.9375	0.90625	232.327
0.96875	0.90625	193.205
1	0.90625	1.05192e-15

0	0.9375	1269.47
0.03125	0.9375	637.428
0.0625	0.9375	875.477
0.09375	0.9375	441.757
0.125	0.9375	850.239
0.15625	0.9375	430.412
0.1875	0.9375	1148.37
0.21875	0.9375	580.589
0.25	0.9375	1123.36
0.28125	0.9375	568.952
0.3125	0.9375	1439.72
0.34375	0.9375	727.851
0.375	0.9375	1326.1
0.40625	0.9375	671.386
0.4375	0.9375	1588.03
0.46875	0.9375	802.442
0.5	0.9375	1335.27
0.53125	0.9375	675.768
0.5625	0.9375	1442.06
0.59375	0.9375	728.744
0.625	0.9375	1169.38
0.65625	0.9375	591.663
0.6875	0.9375	1205.45
0.71875	0.9375	608.815
0.75	0.9375	867.037
0.78125	0.9375	438.498
0.8125	0.9375	740.194
0.84375	0.9375	373.985
0.875	0.9375	455.163
0.90625	0.9375	230.076
0.9375	0.9375	308.568
0.96875	0.9375	154.45
1	0.9375	1.16113e-15

0	0.96875	1072.41
0.03125	0.96875	537.625
0.0625	0.96875	860.232
0.09375	0.96875	433.412
0.125	0.96875	996.311
0.15625	0.96875	502.728
0.1875	0.96875	1132.79
0.21875	0.96875	572.018
0.25	0.96875	1278.45
0.28125	0.96875	645.616
0.3125	0.96875	1379.88
0.34375	0.96875	696.994
0.375	0.96875	1454.19
0.40625	0.96875	734.438
0.4375	0.96875	1459.06
0.46875	0.96875	736.982
0.5	0.96875	1386.43
0.53125	0.96875	700.372
0.5625	0.96875	1303.84
0.59375	0.96875	658.697
0.625	0.96875	1185.9
0.65625	0.96875	599.015
0.6875	0.96875	1035.1
0.71875	0.96875	522.788
0.75	0.96875	802.805
0.78125	0.96875	405.564
0.8125	0.96875	597.103
0.84375	0.96875	301.662
0.875	0.96875	381.69
0.90625	0.96875	192.714
0.9375	0.96875	156.48
0.96875	0.96875	78.431
1	0.96875	1.28154e-15

0	1	0
0.03125	1	1.13197
0.0625	1	2.25305
0.09375	1	3.35242
0.125	1	4.41951
0.15625	1	5.44404
0.1875	1	6.41614
0.21875	1	7.32644
0.25	1	8.16619
0.28125	1	8.9273
0.3125	1	9.60243
0.34375	1	10.1851
0.375	1	10.6696
0.40625	1	11.0515
0.4375	1	11.3268
0.46875	1	11.4931
0.5	1	11.5487
0.53125	1	11.4931
0.5625	1	11.3268
0.59375	1	11.0515
0.625	1	10.6696
0.65625	1	10.1851
0.6875	1	9.60243
0.71875	1	8.9273
0.75	1	8.16619
0.78125	1	7.32644
0.8125	1	6.41614
0.84375	1	5.44404
0.875	1	4.41951
0.90625	1	3.35242
0.9375	1	2.25305
0.96875	1	1.13197
1	1	1.41431e-15

