0.0625	0	0.0585938
0.125	0	0.109375
0.1875	0	0.152344
0.25	0	0.1875
0.3125	0	0.214844
0.375	0	0.234375
0.4375	0	0.246094
0.5	0	0.25
0.5625	0	0.246094
0.625	0	0.234375
0.6875	0	0.214844
0.75	0	0.1875
0.8125	0	0.152344
0.875	0	0.109375
0.9375	0	0.0585938
1	0	0

0.0625	0.0625	0.0585938
0.125	0.0625	0.109375
0.1875	0.0625	0.152344
0.25	0.0625	0.1875
0.3125	0.0625	0.214844
0.375	0.0625	0.234375
0.4375	0.0625	0.246094
0.5	0.0625	0.25
0.5625	0.0625	0.246094
0.625	0.0625	0.234375
0.6875	0.0625	0.214844
0.75	0.0625	0.1875
0.8125	0.0625	0.152344
0.875	0.0625	0.109375
0.9375	0.0625	0.0585938
1	0.0625	0

0.0625	0.125	0.0585938
0.125	0.125	0.109375
0.1875	0.125	0.152344
0.25	0.125	0.1875
0.3125	0.125	0.214844
0.375	0.125	0.234375
0.4375	0.125	0.246094
0.5	0.125	0.25
0.5625	0.125	0.246094
0.625	0.125	0.234375
0.6875	0.125	0.214844
0.75	0.125	0.1875
0.8125	0.125	0.152344
0.875	0.125	0.109375
0.9375	0.125	0.0585938
1	0.125	0

0.0625	0.1875	0.0585938
0.125	0.1875	0.109375
0.1875	0.1875	0.152344
0.25	0.1875	0.1875
0.3125	0.1875	0.214844
0.375	0.1875	0.234375
0.4375	0.1875	0.246094
0.5	0.1875	0.25
0.5625	0.1875	0.246094
0.625	0.1875	0.234375
0.6875	0.1875	0.214844
0.75	0.1875	0.1875
0.8125	0.1875	0.152344
0.875	0.1875	0.109375
0.9375	0.1875	0.0585938
1	0.1875	0

0.0625	0.25	0.0585938
0.125	0.25	0.109375
0.1875	0.25	0.152344
0.25	0.25	0.1875
0.3125	0.25	0.214844
0.375	0.25	0.234375
0.4375	0.25	0.246094
0.5	0.25	0.25
0.5625	0.25	0.246094
0.625	0.25	0.234375
0.6875	0.25	0.214844
0.75	0.25	0.1875
0.8125	0.25	0.152344
0.875	0.25	0.109375
0.9375	0.25	0.0585938
1	0.25	0

0.0625	0.3125	0.0585938
0.125	0.3125	0.109375
0.1875	0.3125	0.152344
0.25	0.3125	0.1875
0.3125	0.3125	0.214844
0.375	0.3125	0.234375
0.4375	0.3125	0.246094
0.5	0.3125	0.25
0.5625	0.3125	0.246094
0.625	0.3125	0.234375
0.6875	0.3125	0.214844
0.75	0.3125	0.1875
0.8125	0.3125	0.152344
0.875	0.3125	0.109375
0.9375	0.3125	0.0585938
1	0.3125	0

0.0625	0.375	0.0585938
0.125	0.375	0.109375
0.1875	0.375	0.152344
0.25	0.375	0.1875
0.3125	0.375	0.214844
0.375	0.375	0.234375
0.4375	0.375	0.246094
0.5	0.375	0.25
0.5625	0.375	0.246094
0.625	0.375	0.234375
0.6875	0.375	0.214844
0.75	0.375	0.1875
0.8125	0.375	0.152344
0.875	0.375	0.109375
0.9375	0.375	0.0585938
1	0.375	0

0.0625	0.4375	0.0585938
0.125	0.4375	0.109375
0.1875	0.4375	0.152344
0.25	0.4375	0.1875
0.3125	0.4375	0.214844
0.375	0.4375	0.234375
0.4375	0.4375	0.246094
0.5	0.4375	0.25
0.5625	0.4375	0.246094
0.625	0.4375	0.234375
0.6875	0.4375	0.214844
0.75	0.4375	0.1875
0.8125	0.4375	0.152344
0.875	0.4375	0.109375
0.9375	0.4375	0.0585938
1	0.4375	0

0.0625	0.5	0.0585938
0.125	0.5	0.109375
0.1875	0.5	0.152344
0.25	0.5	0.1875
0.3125	0.5	0.214844
0.375	0.5	0.234375
0.4375	0.5	0.246094
0.5	0.5	0.25
0.5625	0.5	0.246094
0.625	0.5	0.234375
0.6875	0.5	0.214844
0.75	0.5	0.1875
0.8125	0.5	0.152344
0.875	0.5	0.109375
0.9375	0.5	0.0585938
1	0.5	0

0.0625	0.5625	0.0585938
0.125	0.5625	0.109375
0.1875	0.5625	0.152344
0.25	0.5625	0.1875
0.3125	0.5625	0.214844
0.375	0.5625	0.234375
0.4375	0.5625	0.246094
0.5	0.5625	0.25
0.5625	0.5625	0.246094
0.625	0.5625	0.234375
0.6875	0.5625	0.214844
0.75	0.5625	0.1875
0.8125	0.5625	0.152344
0.875	0.5625	0.109375
0.9375	0.5625	0.0585938
1	0.5625	0

0.0625	0.625	0.0585938
0.125	0.625	0.109375
0.1875	0.625	0.152344
0.25	0.625	0.1875
0.3125	0.625	0.214844
0.375	0.625	0.234375
0.4375	0.625	0.246094
0.5	0.625	0.25
0.5625	0.625	0.246094
0.625	0.625	0.234375
0.6875	0.625	0.214844
0.75	0.625	0.1875
0.8125	0.625	0.152344
0.875	0.625	0.109375
0.9375	0.625	0.0585938
1	0.625	0

0.0625	0.6875	0.0585938
0.125	0.6875	0.109375
0.1875	0.6875	0.152344
0.25	0.6875	0.1875
0.3125	0.6875	0.214844
0.375	0.6875	0.234375
0.4375	0.6875	0.246094
0.5	0.6875	0.25
0.5625	0.6875	0.246094
0.625	0.6875	0.234375
0.6875	0.6875	0.214844
0.75	0.6875	0.1875
0.8125	0.6875	0.152344
0.875	0.6875	0.109375
0.9375	0.6875	0.0585938
1	0.6875	0

0.0625	0.75	0.0585938
0.125	0.75	0.109375
0.1875	0.75	0.152344
0.25	0.75	0.1875
0.3125	0.75	0.214844
0.375	0.75	0.234375
0.4375	0.75	0.246094
0.5	0.75	0.25
0.5625	0.75	0.246094
0.625	0.75	0.234375
0.6875	0.75	0.214844
0.75	0.75	0.1875
0.8125	0.75	0.152344
0.875	0.75	0.109375
0.9375	0.75	0.0585938
1	0.75	0

0.0625	0.8125	0.0585938
0.125	0.8125	0.109375
0.1875	0.8125	0.152344
0.25	0.8125	0.1875
0.3125	0.8125	0.214844
0.375	0.8125	0.234375
0.4375	0.8125	0.246094
0.5	0.8125	0.25
0.5625	0.8125	0.246094
0.625	0.8125	0.234375
0.6875	0.8125	0.214844
0.75	0.8125	0.1875
0.8125	0.8125	0.152344
0.875	0.8125	0.109375
0.9375	0.8125	0.0585938
1	0.8125	0

0.0625	0.875	0.0585938
0.125	0.875	0.109375
0.1875	0.875	0.152344
0.25	0.875	0.1875
0.3125	0.875	0.214844
0.375	0.875	0.234375
0.4375	0.875	0.246094
0.5	0.875	0.25
0.5625	0.875	0.246094
0.625	0.875	0.234375
0.6875	0.875	0.214844
0.75	0.875	0.1875
0.8125	0.875	0.152344
0.875	0.875	0.109375
0.9375	0.875	0.0585938
1	0.875	0

0.0625	0.9375	0.0585938
0.125	0.9375	0.109375
0.1875	0.9375	0.152344
0.25	0.9375	0.1875
0.3125	0.9375	0.214844
0.375	0.9375	0.234375
0.4375	0.9375	0.246094
0.5	0.9375	0.25
0.5625	0.9375	0.246094
0.625	0.9375	0.234375
0.6875	0.9375	0.214844
0.75	0.9375	0.1875
0.8125	0.9375	0.152344
0.875	0.9375	0.109375
0.9375	0.9375	0.0585938
1	0.9375	0

0.0625	1	0.0585938
0.125	1	0.109375
0.1875	1	0.152344
0.25	1	0.1875
0.3125	1	0.214844
0.375	1	0.234375
0.4375	1	0.246094
0.5	1	0.25
0.5625	1	0.246094
0.625	1	0.234375
0.6875	1	0.214844
0.75	1	0.1875
0.8125	1	0.152344
0.875	1	0.109375
0.9375	1	0.0585938
1	1	0

0.0625	1.0625	1.78339e-72
0.125	1.0625	2.66128e-260
0.1875	1.0625	1.85304e-72
0.25	1.0625	4.94066e-323
0.3125	1.0625	0
0.375	1.0625	4.57786e-319
0.4375	1.0625	0
0.5	1.0625	0
0.5625	1.0625	0
0.625	1.0625	0
0.6875	1.0625	0
0.75	1.0625	0
0.8125	1.0625	0
0.875	1.0625	0
0.9375	1.0625	0
1	1.0625	0

0.0625	1.125	-4.15566e-05
0.125	1.125	-4.60668e-05
0.1875	1.125	-4.99244e-05
0.25	1.125	-5.37821e-05
0.3125	1.125	-4.63515e-05
0.375	1.125	-3.89209e-05
0.4375	1.125	-4.28326e-05
0.5	1.125	-4.67442e-05
0.5625	1.125	-4.55175e-05
0.625	1.125	-5.86253e-05
0.6875	1.125	-5.12889e-05
0.75	1.125	-4.39525e-05
0.8125	1.125	-3.70904e-05
0.875	1.125	-3.02283e-05
0.9375	1.125	-2.68714e-05
1	1.125	-2.35146e-05

