0	0	0
0.0625	0	0.0585938
0.125	0	0.109375
0.1875	0	0.152344
0.25	0	0.1875
0.3125	0	0.214844
0.375	0	0.234375
0.4375	0	0.246094
0.5	0	0.25
0.5625	0	0.246094
0.625	0	0.234375
0.6875	0	0.214844
0.75	0	0.1875
0.8125	0	0.152344
0.875	0	0.109375
0.9375	0	0.0585938
1	0	0

0	0.0625	81.6171
0.0625	0.0625	81.5523
0.125	0.0625	81.5659
0.1875	0.0625	81.2898
0.25	0.0625	81.301
0.3125	0.0625	80.9376
0.375	0.0625	80.8832
0.4375	0.0625	80.536
0.5	0.0625	80.5001
0.5625	0.0625	79.6379
0.625	0.0625	79.0959
0.6875	0.0625	78.5896
0.75	0.0625	78.4204
0.8125	0.0625	73.7596
0.875	0.0625	69.6191
0.9375	0.0625	74.2119
1	0.0625	-378.827

0	0.125	83.765
0.0625	0.125	84.0878
0.125	0.125	83.3021
0.1875	0.125	83.2604
0.25	0.125	82.7458
0.3125	0.125	82.4717
0.375	0.125	81.8468
0.4375	0.125	81.6349
0.5	0.125	81.0328
0.5625	0.125	79.8301
0.625	0.125	78.132
0.6875	0.125	77.7476
0.75	0.125	76.6586
0.8125	0.125	67.9672
0.875	0.125	58.8677
0.9375	0.125	68.7921
1	0.125	65.2393

0	0.1875	85.3032
0.0625	0.1875	85.5129
0.125	0.1875	85.4784
0.1875	0.1875	84.8198
0.25	0.1875	84.2719
0.3125	0.1875	83.6197
0.375	0.1875	83.1041
0.4375	0.1875	81.7518
0.5	0.1875	80.5324
0.5625	0.1875	78.69
0.625	0.1875	76.9357
0.6875	0.1875	71.0972
0.75	0.1875	65.188
0.8125	0.1875	47.4172
0.875	0.1875	29.6451
0.9375	0.1875	46.5209
1	0.1875	-174.544

0	0.25	86.2027
0.0625	0.25	87.1816
0.125	0.25	86.9886
0.1875	0.25	86.2681
0.25	0.25	85.3045
0.3125	0.25	84.6308
0.375	0.25	83.8427
0.4375	0.25	81.7352
0.5	0.25	79.4737
0.5625	0.25	77.4614
0.625	0.25	75.1305
0.6875	0.25	64.5172
0.75	0.25	53.3434
0.8125	0.25	26.8681
0.875	0.25	0.863978
0.9375	0.25	24.3709
1	0.25	-1827.16

0	0.3125	87.7565
0.0625	0.3125	87.9702
0.125	0.3125	87.766
0.1875	0.3125	86.9313
0.25	0.3125	86.0558
0.3125	0.3125	84.6878
0.375	0.3125	83.3005
0.4375	0.3125	80.8008
0.5	0.3125	78.2659
0.5625	0.3125	75.1119
0.625	0.3125	71.8753
0.6875	0.3125	64.382
0.75	0.3125	56.639
0.8125	0.3125	29.7224
0.875	0.3125	2.5427
0.9375	0.3125	25.2555
1	0.3125	67.5315

0	0.375	88.8479
0.0625	0.375	89.1763
0.125	0.375	88.2776
0.1875	0.375	87.6346
0.25	0.375	86.7258
0.3125	0.375	84.7636
0.375	0.375	82.6837
0.4375	0.375	79.901
0.5	0.375	76.981
0.5625	0.375	72.8445
0.625	0.375	68.4802
0.6875	0.375	64.4962
0.75	0.375	59.8714
0.8125	0.375	32.8395
0.875	0.375	5.67906
0.9375	0.375	25.7167
1	0.375	-2430.01

0	0.4375	88.7829
0.0625	0.4375	89.1747
0.125	0.4375	89.127
0.1875	0.4375	87.9381
0.25	0.4375	86.6866
0.3125	0.4375	84.6296
0.375	0.4375	82.5175
0.4375	0.4375	79.1616
0.5	0.4375	75.6996
0.5625	0.4375	70.297
0.625	0.4375	64.7324
0.6875	0.4375	53.242
0.75	0.4375	41.4332
0.8125	0.4375	0.164015
0.875	0.4375	-41.3577
0.9375	0.4375	-5.8904
1	0.4375	-1172.31

0	0.5	88.2562
0.0625	0.5	89.6123
0.125	0.5	89.717
0.1875	0.5	88.3038
0.25	0.5	86.6036
0.3125	0.5	84.5503
0.375	0.5	82.3692
0.4375	0.5	78.5277
0.5	0.5	74.5461
0.5625	0.5	67.9111
0.625	0.5	61.168
0.6875	0.5	42.3058
0.75	0.5	23.0873
0.8125	0.5	-32.2595
0.875	0.5	-87.317
0.9375	0.5	-38.131
1	0.5	-2618.59

0	0.5625	88.7833
0.0625	0.5625	89.1757
0.125	0.5625	89.1285
0.1875	0.5625	87.9407
0.25	0.5625	86.69
0.3125	0.5625	84.622
0.375	0.5625	82.4977
0.4375	0.5625	79.1075
0.5	0.5625	75.6078
0.5625	0.5625	70.0493
0.625	0.5625	64.3222
0.6875	0.5625	52.5588
0.75	0.5625	40.4722
0.8125	0.5625	-3.26188
0.875	0.5625	-47.2318
0.9375	0.5625	-13.4707
1	0.5625	-1322.95

0	0.625	88.8487
0.0625	0.625	89.1783
0.125	0.625	88.2806
0.1875	0.625	87.6401
0.25	0.625	86.7326
0.3125	0.625	84.7497
0.375	0.625	82.6437
0.4375	0.625	79.7962
0.5	0.625	76.7991
0.5625	0.625	72.3556
0.625	0.625	67.6776
0.6875	0.625	63.1346
0.75	0.625	57.9772
0.8125	0.625	25.9711
0.875	0.625	-6.13253
0.9375	0.625	10.4105
1	0.625	-2513.67

0	0.6875	87.7576
0.0625	0.6875	87.9727
0.125	0.6875	87.7698
0.1875	0.6875	86.9373
0.25	0.6875	86.0638
0.3125	0.6875	84.6871
0.375	0.6875	83.2883
0.4375	0.6875	80.6589
0.5	0.6875	77.986
0.5625	0.6875	74.4874
0.625	0.6875	70.8923
0.6875	0.6875	61.4417
0.75	0.6875	51.73
0.8125	0.6875	17.7781
0.875	0.6875	-16.4433
0.9375	0.6875	5.73248
1	0.6875	-1000.67

0	0.75	86.2042
0.0625	0.75	87.1846
0.125	0.75	86.993
0.1875	0.75	86.2751
0.25	0.75	85.3126
0.3125	0.75	84.646
0.375	0.75	83.8569
0.4375	0.75	81.5648
0.5	0.75	79.1027
0.5625	0.75	76.715
0.625	0.75	73.997
0.6875	0.75	60.0092
0.75	0.75	45.4535
0.8125	0.75	9.85428
0.875	0.75	-25.6485
0.9375	0.75	0.479271
1	0.75	-2219.62

0	0.8125	85.3043
0.0625	0.8125	85.5153
0.125	0.8125	85.4821
0.1875	0.8125	84.8255
0.25	0.8125	84.2793
0.3125	0.8125	83.6185
0.375	0.8125	83.0915
0.4375	0.8125	81.6093
0.5	0.8125	80.2516
0.5625	0.8125	78.0692
0.625	0.8125	75.9597
0.6875	0.8125	68.183
0.75	0.8125	60.3014
0.8125	0.8125	34.8794
0.875	0.8125	9.14792
0.9375	0.8125	24.0002
1	0.8125	-555.419

0	0.875	83.7658
0.0625	0.875	84.0897
0.125	0.875	83.3049
0.1875	0.875	83.2653
0.25	0.875	82.7517
0.3125	0.875	82.4569
0.375	0.875	81.8061
0.4375	0.875	81.5289
0.5	0.875	80.8491
0.5625	0.875	79.35
0.625	0.875	77.3406
0.6875	0.875	76.4614
0.75	0.875	74.7434
0.8125	0.875	60.2135
0.875	0.875	44.998
0.9375	0.875	47.0943
1	0.875	-1226.22

0	0.9375	81.6175
0.0625	0.9375	81.5532
0.125	0.9375	81.5673
0.1875	0.9375	81.2921
0.25	0.9375	81.3039
0.3125	0.9375	80.9296
0.375	0.9375	80.8631
0.4375	0.9375	80.4812
0.5	0.9375	80.4073
0.5625	0.9375	79.3939
0.625	0.9375	78.6927
0.6875	0.9375	77.9325
0.75	0.9375	77.4817
0.8125	0.9375	69.7206
0.875	0.9375	62.1554
0.9375	0.9375	63.3032
1	0.9375	-294.046

0	1	0
0.0625	1	0.0585938
0.125	1	0.109375
0.1875	1	0.152344
0.25	1	0.1875
0.3125	1	0.214844
0.375	1	0.234375
0.4375	1	0.246094
0.5	1	0.25
0.5625	1	0.246094
0.625	1	0.234375
0.6875	1	0.214844
0.75	1	0.1875
0.8125	1	0.152344
0.875	1	0.109375
0.9375	1	0.0585938
1	1	0

