0	0	0
0.03125	0	0.0302734
0.0625	0	0.0585938
0.09375	0	0.0849609
0.125	0	0.109375
0.15625	0	0.131836
0.1875	0	0.152344
0.21875	0	0.170898
0.25	0	0.1875
0.28125	0	0.202148
0.3125	0	0.214844
0.34375	0	0.225586
0.375	0	0.234375
0.40625	0	0.241211
0.4375	0	0.246094
0.46875	0	0.249023
0.5	0	0.25
0.53125	0	0.249023
0.5625	0	0.246094
0.59375	0	0.241211
0.625	0	0.234375
0.65625	0	0.225586
0.6875	0	0.214844
0.71875	0	0.202148
0.75	0	0.1875
0.78125	0	0.170898
0.8125	0	0.152344
0.84375	0	0.131836
0.875	0	0.109375
0.90625	0	0.0849609
0.9375	0	0.0585938
0.96875	0	0.0302734
1	0	0

0	0.03125	-0.208786
0.03125	0.03125	-0.168985
0.0625	0.03125	-0.116569
0.09375	0.03125	-0.0754596
0.125	0.03125	-0.0350272
0.15625	0.03125	-0.00139765
0.1875	0.03125	0.0292615
0.21875	0.03125	0.0567102
0.25	0.03125	0.0811845
0.28125	0.03125	0.102223
0.3125	0.03125	0.120364
0.34375	0.03125	0.13554
0.375	0.03125	0.147879
0.40625	0.03125	0.157355
0.4375	0.03125	0.164105
0.46875	0.03125	0.168165
0.5	0.03125	0.169552
0.53125	0.03125	0.168165
0.5625	0.03125	0.164105
0.59375	0.03125	0.157355
0.625	0.03125	0.147879
0.65625	0.03125	0.13554
0.6875	0.03125	0.120364
0.71875	0.03125	0.102223
0.75	0.03125	0.0811845
0.78125	0.03125	0.0567102
0.8125	0.03125	0.0292615
0.84375	0.03125	-0.00139765
0.875	0.03125	-0.0350272
0.90625	0.03125	-0.0754596
0.9375	0.03125	-0.116569
0.96875	0.03125	-0.168985
1	0.03125	-0.208786

0	0.0625	-0.402108
0.03125	0.0625	-0.352482
0.0625	0.0625	-0.289298
0.09375	0.0625	-0.229794
0.125	0.0625	-0.177069
0.15625	0.0625	-0.131819
0.1875	0.0625	-0.0922021
0.21875	0.0625	-0.0557293
0.25	0.0625	-0.0239184
0.28125	0.0625	0.00353256
0.3125	0.0625	0.0268804
0.34375	0.0625	0.0464544
0.375	0.0625	0.0622467
0.40625	0.0625	0.0743693
0.4375	0.0625	0.0829079
0.46875	0.0625	0.0881366
0.5	0.0625	0.0898726
0.53125	0.0625	0.0881366
0.5625	0.0625	0.0829079
0.59375	0.0625	0.0743693
0.625	0.0625	0.0622467
0.65625	0.0625	0.0464544
0.6875	0.0625	0.0268804
0.71875	0.0625	0.00353256
0.75	0.0625	-0.0239184
0.78125	0.0625	-0.0557293
0.8125	0.0625	-0.0922021
0.84375	0.0625	-0.131819
0.875	0.0625	-0.177069
0.90625	0.0625	-0.229794
0.9375	0.0625	-0.289298
0.96875	0.0625	-0.352482
1	0.0625	-0.402108

0	0.09375	-0.570903
0.03125	0.09375	-0.520654
0.0625	0.09375	-0.440381
0.09375	0.09375	-0.378572
0.125	0.09375	-0.314254
0.15625	0.09375	-0.259534
0.1875	0.09375	-0.208543
0.21875	0.09375	-0.165334
0.25	0.09375	-0.126678
0.28125	0.09375	-0.0932991
0.3125	0.09375	-0.0644707
0.34375	0.09375	-0.0408706
0.375	0.09375	-0.0216938
0.40625	0.09375	-0.00699067
0.4375	0.09375	0.00349931
0.46875	0.09375	0.00963928
0.5	0.09375	0.0117127
0.53125	0.09375	0.00963928
0.5625	0.09375	0.00349931
0.59375	0.09375	-0.00699067
0.625	0.09375	-0.0216938
0.65625	0.09375	-0.0408706
0.6875	0.09375	-0.0644707
0.71875	0.09375	-0.0932991
0.75	0.09375	-0.126678
0.78125	0.09375	-0.165334
0.8125	0.09375	-0.208543
0.84375	0.09375	-0.259534
0.875	0.09375	-0.314254
0.90625	0.09375	-0.378572
0.9375	0.09375	-0.440381
0.96875	0.09375	-0.520654
1	0.09375	-0.570903

0	0.125	-0.709292
0.03125	0.125	-0.660214
0.0625	0.125	-0.588412
0.09375	0.125	-0.513528
0.125	0.125	-0.445976
0.15625	0.125	-0.37928
0.1875	0.125	-0.32045
0.21875	0.125	-0.269791
0.25	0.125	-0.225961
0.28125	0.125	-0.186436
0.3125	0.125	-0.152919
0.34375	0.125	-0.125271
0.375	0.125	-0.103094
0.40625	0.125	-0.0857733
0.4375	0.125	-0.0735749
0.46875	0.125	-0.0664011
0.5	0.125	-0.0641796
0.53125	0.125	-0.0664011
0.5625	0.125	-0.0735749
0.59375	0.125	-0.0857733
0.625	0.125	-0.103094
0.65625	0.125	-0.125271
0.6875	0.125	-0.152919
0.71875	0.125	-0.186436
0.75	0.125	-0.225961
0.78125	0.125	-0.269791
0.8125	0.125	-0.32045
0.84375	0.125	-0.37928
0.875	0.125	-0.445976
0.90625	0.125	-0.513528
0.9375	0.125	-0.588412
0.96875	0.125	-0.660214
1	0.125	-0.709292

0	0.15625	-0.866668
0.03125	0.15625	-0.812132
0.0625	0.15625	-0.717785
0.09375	0.15625	-0.641308
0.125	0.15625	-0.559595
0.15625	0.15625	-0.491057
0.1875	0.15625	-0.426281
0.21875	0.15625	-0.36978
0.25	0.15625	-0.31861
0.28125	0.15625	-0.275216
0.3125	0.15625	-0.237505
0.34375	0.15625	-0.206289
0.375	0.15625	-0.180737
0.40625	0.15625	-0.161424
0.4375	0.15625	-0.147594
0.46875	0.15625	-0.139438
0.5	0.15625	-0.136612
0.53125	0.15625	-0.139438
0.5625	0.15625	-0.147594
0.59375	0.15625	-0.161424
0.625	0.15625	-0.180737
0.65625	0.15625	-0.206289
0.6875	0.15625	-0.237505
0.71875	0.15625	-0.275216
0.75	0.15625	-0.31861
0.78125	0.15625	-0.36978
0.8125	0.15625	-0.426281
0.84375	0.15625	-0.491057
0.875	0.15625	-0.559595
0.90625	0.15625	-0.641308
0.9375	0.15625	-0.717785
0.96875	0.15625	-0.812132
1	0.15625	-0.866668

0	0.1875	-0.988928
0.03125	0.1875	-0.930924
0.0625	0.1875	-0.845091
0.09375	0.1875	-0.752089
0.125	0.1875	-0.666664
0.15625	0.1875	-0.592052
0.1875	0.1875	-0.526063
0.21875	0.1875	-0.462058
0.25	0.1875	-0.406087
0.28125	0.1875	-0.358112
0.3125	0.1875	-0.317566
0.34375	0.1875	-0.282509
0.375	0.1875	-0.254338
0.40625	0.1875	-0.232863
0.4375	0.1875	-0.217862
0.46875	0.1875	-0.208498
0.5	0.1875	-0.205397
0.53125	0.1875	-0.208498
0.5625	0.1875	-0.217862
0.59375	0.1875	-0.232863
0.625	0.1875	-0.254338
0.65625	0.1875	-0.282509
0.6875	0.1875	-0.317566
0.71875	0.1875	-0.358112
0.75	0.1875	-0.406087
0.78125	0.1875	-0.462058
0.8125	0.1875	-0.526063
0.84375	0.1875	-0.592052
0.875	0.1875	-0.666664
0.90625	0.1875	-0.752089
0.9375	0.1875	-0.845091
0.96875	0.1875	-0.930924
1	0.1875	-0.988928

0	0.21875	-1.0978
0.03125	0.21875	-1.04028
0.0625	0.21875	-0.939438
0.09375	0.21875	-0.856003
0.125	0.21875	-0.76598
0.15625	0.21875	-0.687677
0.1875	0.21875	-0.61291
0.21875	0.21875	-0.54745
0.25	0.21875	-0.487579
0.28125	0.21875	-0.435921
0.3125	0.21875	-0.390651
0.34375	0.21875	-0.353662
0.375	0.21875	-0.323225
0.40625	0.21875	-0.299903
0.4375	0.21875	-0.283011
0.46875	0.21875	-0.273305
0.5	0.21875	-0.269946
0.53125	0.21875	-0.273305
0.5625	0.21875	-0.283011
0.59375	0.21875	-0.299903
0.625	0.21875	-0.323225
0.65625	0.21875	-0.353662
0.6875	0.21875	-0.390651
0.71875	0.21875	-0.435921
0.75	0.21875	-0.487579
0.78125	0.21875	-0.54745
0.8125	0.21875	-0.61291
0.84375	0.21875	-0.687677
0.875	0.21875	-0.76598
0.90625	0.21875	-0.856003
0.9375	0.21875	-0.939438
0.96875	0.21875	-1.04028
1	0.21875	-1.0978

0	0.25	-1.17325
0.03125	0.25	-1.11903
0.0625	0.25	-1.03409
0.09375	0.25	-0.943924
0.125	0.25	-0.859201
0.15625	0.25	-0.771869
0.1875	0.25	-0.693122
0.21875	0.25	-0.623591
0.25	0.25	-0.562813
0.28125	0.25	-0.506155
0.3125	0.25	-0.457947
0.34375	0.25	-0.418387
0.375	0.25	-0.386814
0.40625	0.25	-0.361211
0.4375	0.25	-0.343182
0.46875	0.25	-0.332731
0.5	0.25	-0.329635
0.53125	0.25	-0.332731
0.5625	0.25	-0.343182
0.59375	0.25	-0.361211
0.625	0.25	-0.386814
0.65625	0.25	-0.418387
0.6875	0.25	-0.457947
0.71875	0.25	-0.506155
0.75	0.25	-0.562813
0.78125	0.25	-0.623591
0.8125	0.25	-0.693122
0.84375	0.25	-0.771869
0.875	0.25	-0.859201
0.90625	0.25	-0.943924
0.9375	0.25	-1.03409
0.96875	0.25	-1.11903
1	0.25	-1.17325

0	0.28125	-1.28451
0.03125	0.28125	-1.22626
0.0625	0.28125	-1.12089
0.09375	0.28125	-1.0314
0.125	0.28125	-0.933326
0.15625	0.28125	-0.848281
0.1875	0.28125	-0.766288
0.21875	0.28125	-0.693593
0.25	0.28125	-0.626694
0.28125	0.28125	-0.569161
0.3125	0.28125	-0.518591
0.34375	0.28125	-0.477028
0.375	0.28125	-0.442724
0.40625	0.28125	-0.416655
0.4375	0.28125	-0.397735
0.46875	0.28125	-0.386719
0.5	0.28125	-0.382781
0.53125	0.28125	-0.386719
0.5625	0.28125	-0.397735
0.59375	0.28125	-0.416655
0.625	0.28125	-0.442724
0.65625	0.28125	-0.477028
0.6875	0.28125	-0.518591
0.71875	0.28125	-0.569161
0.75	0.28125	-0.626694
0.78125	0.28125	-0.693593
0.8125	0.28125	-0.766288
0.84375	0.28125	-0.848281
0.875	0.28125	-0.933326
0.90625	0.28125	-1.0314
0.9375	0.28125	-1.12089
0.96875	0.28125	-1.22626
1	0.28125	-1.28451

0	0.3125	-1.36084
0.03125	0.3125	-1.30102
0.0625	0.3125	-1.20866
0.09375	0.3125	-1.10163
0.125	0.3125	-1.00135
0.15625	0.3125	-0.912245
0.1875	0.3125	-0.832333
0.21875	0.3125	-0.753271
0.25	0.3125	-0.683558
0.28125	0.3125	-0.623505
0.3125	0.3125	-0.572567
0.34375	0.3125	-0.52814
0.375	0.3125	-0.49242
0.40625	0.3125	-0.46523
0.4375	0.3125	-0.446375
0.46875	0.3125	-0.434182
0.5	0.3125	-0.430127
0.53125	0.3125	-0.434182
0.5625	0.3125	-0.446375
0.59375	0.3125	-0.46523
0.625	0.3125	-0.49242
0.65625	0.3125	-0.52814
0.6875	0.3125	-0.572567
0.71875	0.3125	-0.623505
0.75	0.3125	-0.683558
0.78125	0.3125	-0.753271
0.8125	0.3125	-0.832333
0.84375	0.3125	-0.912245
0.875	0.3125	-1.00135
0.90625	0.3125	-1.10163
0.9375	0.3125	-1.20866
0.96875	0.3125	-1.30102
1	0.3125	-1.36084

0	0.34375	-1.42245
0.03125	0.34375	-1.36523
0.0625	0.34375	-1.25835
0.09375	0.34375	-1.16531
0.125	0.34375	-1.06132
0.15625	0.34375	-0.970612
0.1875	0.34375	-0.882248
0.21875	0.34375	-0.804486
0.25	0.34375	-0.732807
0.28125	0.34375	-0.671179
0.3125	0.34375	-0.617019
0.34375	0.34375	-0.572405
0.375	0.34375	-0.535566
0.40625	0.34375	-0.507535
0.4375	0.34375	-0.487171
0.46875	0.34375	-0.475476
0.5	0.34375	-0.471326
0.53125	0.34375	-0.475476
0.5625	0.34375	-0.487171
0.59375	0.34375	-0.507535
0.625	0.34375	-0.535566
0.65625	0.34375	-0.572405
0.6875	0.34375	-0.617019
0.71875	0.34375	-0.671179
0.75	0.34375	-0.732807
0.78125	0.34375	-0.804486
0.8125	0.34375	-0.882248
0.84375	0.34375	-0.970612
0.875	0.34375	-1.06132
0.90625	0.34375	-1.16531
0.9375	0.34375	-1.25835
0.96875	0.34375	-1.36523
1	0.34375	-1.42245

0	0.375	-1.44725
0.03125	0.375	-1.39486
0.0625	0.375	-1.30908
0.09375	0.375	-1.20927
0.125	0.375	-1.11485
0.15625	0.375	-1.01505
0.1875	0.375	-0.924532
0.21875	0.375	-0.844685
0.25	0.375	-0.774524
0.28125	0.375	-0.709641
0.3125	0.375	-0.654261
0.34375	0.375	-0.608491
0.375	0.375	-0.571891
0.40625	0.375	-0.542224
0.4375	0.375	-0.521413
0.46875	0.375	-0.509401
0.5	0.375	-0.50607
0.53125	0.375	-0.509401
0.5625	0.375	-0.521413
0.59375	0.375	-0.542224
0.625	0.375	-0.571891
0.65625	0.375	-0.608491
0.6875	0.375	-0.654261
0.71875	0.375	-0.709641
0.75	0.375	-0.774524
0.78125	0.375	-0.844685
0.8125	0.375	-0.924532
0.84375	0.375	-1.01505
0.875	0.375	-1.11485
0.90625	0.375	-1.20927
0.9375	0.375	-1.30908
0.96875	0.375	-1.39486
1	0.375	-1.44725

0	0.40625	-1.50902
0.03125	0.40625	-1.45139
0.0625	0.40625	-1.34335
0.09375	0.40625	-1.24859
0.125	0.40625	-1.14246
0.15625	0.40625	-1.04926
0.1875	0.40625	-0.958322
0.21875	0.40625	-0.878053
0.25	0.40625	-0.803977
0.28125	0.40625	-0.740126
0.3125	0.40625	-0.683933
0.34375	0.40625	-0.637485
0.375	0.40625	-0.599054
0.40625	0.40625	-0.569977
0.4375	0.40625	-0.548823
0.46875	0.40625	-0.536567
0.5	0.40625	-0.532102
0.53125	0.40625	-0.536567
0.5625	0.40625	-0.548823
0.59375	0.40625	-0.569977
0.625	0.40625	-0.599054
0.65625	0.40625	-0.637485
0.6875	0.40625	-0.683933
0.71875	0.40625	-0.740126
0.75	0.40625	-0.803977
0.78125	0.40625	-0.878053
0.8125	0.40625	-0.958322
0.84375	0.40625	-1.04926
0.875	0.40625	-1.14246
0.90625	0.40625	-1.24859
0.9375	0.40625	-1.34335
0.96875	0.40625	-1.45139
1	0.40625	-1.50902

0	0.4375	-1.53467
0.03125	0.4375	-1.474
0.0625	0.4375	-1.37928
0.09375	0.4375	-1.26871
0.125	0.4375	-1.16394
0.15625	0.4375	-1.06979
0.1875	0.4375	-0.984522
0.21875	0.4375	-0.900373
0.25	0.4375	-0.825733
0.28125	0.4375	-0.761099
0.3125	0.4375	-0.706087
0.34375	0.4375	-0.657829
0.375	0.4375	-0.619
0.40625	0.4375	-0.589534
0.4375	0.4375	-0.569245
0.46875	0.4375	-0.55573
0.5	0.4375	-0.551237
0.53125	0.4375	-0.55573
0.5625	0.4375	-0.569245
0.59375	0.4375	-0.589534
0.625	0.4375	-0.619
0.65625	0.4375	-0.657829
0.6875	0.4375	-0.706087
0.71875	0.4375	-0.761099
0.75	0.4375	-0.825733
0.78125	0.4375	-0.900373
0.8125	0.4375	-0.984522
0.84375	0.4375	-1.06979
0.875	0.4375	-1.16394
0.90625	0.4375	-1.26871
0.9375	0.4375	-1.37928
0.96875	0.4375	-1.474
1	0.4375	-1.53467

0	0.46875	-1.54736
0.03125	0.46875	-1.48774
0.0625	0.46875	-1.37851
0.09375	0.46875	-1.28324
0.125	0.46875	-1.17799
0.15625	0.46875	-1.08512
0.1875	0.46875	-0.995022
0.21875	0.46875	-0.914232
0.25	0.46875	-0.839551
0.28125	0.46875	-0.774817
0.3125	0.46875	-0.717708
0.34375	0.46875	-0.670605
0.375	0.46875	-0.631559
0.40625	0.46875	-0.601876
0.4375	0.46875	-0.580185
0.46875	0.46875	-0.567821
0.5	0.46875	-0.563329
0.53125	0.46875	-0.567821
0.5625	0.46875	-0.580185
0.59375	0.46875	-0.601876
0.625	0.46875	-0.631559
0.65625	0.46875	-0.670605
0.6875	0.46875	-0.717708
0.71875	0.46875	-0.774817
0.75	0.46875	-0.839551
0.78125	0.46875	-0.914232
0.8125	0.46875	-0.995022
0.84375	0.46875	-1.08512
0.875	0.46875	-1.17799
0.90625	0.46875	-1.28324
0.9375	0.46875	-1.37851
0.96875	0.46875	-1.48774
1	0.46875	-1.54736

0	0.5	-1.5267
0.03125	0.5	-1.47081
0.0625	0.5	-1.3806
0.09375	0.5	-1.28183
0.125	0.5	-1.18681
0.15625	0.5	-1.08851
0.1875	0.5	-0.998427
0.21875	0.5	-0.91744
0.25	0.5	-0.845762
0.28125	0.5	-0.778908
0.3125	0.5	-0.721685
0.34375	0.5	-0.674427
0.375	0.5	-0.636694
0.40625	0.5	-0.605644
0.4375	0.5	-0.583896
0.46875	0.5	-0.57151
0.5	0.5	-0.568279
0.53125	0.5	-0.57151
0.5625	0.5	-0.583896
0.59375	0.5	-0.605644
0.625	0.5	-0.636694
0.65625	0.5	-0.674427
0.6875	0.5	-0.721685
0.71875	0.5	-0.778908
0.75	0.5	-0.845762
0.78125	0.5	-0.91744
0.8125	0.5	-0.998427
0.84375	0.5	-1.08851
0.875	0.5	-1.18681
0.90625	0.5	-1.28183
0.9375	0.5	-1.3806
0.96875	0.5	-1.47081
1	0.5	-1.5267

0	0.53125	-1.54736
0.03125	0.53125	-1.48774
0.0625	0.53125	-1.37851
0.09375	0.53125	-1.28324
0.125	0.53125	-1.17799
0.15625	0.53125	-1.08512
0.1875	0.53125	-0.995022
0.21875	0.53125	-0.914232
0.25	0.53125	-0.839551
0.28125	0.53125	-0.774817
0.3125	0.53125	-0.717708
0.34375	0.53125	-0.670605
0.375	0.53125	-0.631559
0.40625	0.53125	-0.601876
0.4375	0.53125	-0.580185
0.46875	0.53125	-0.567821
0.5	0.53125	-0.563329
0.53125	0.53125	-0.567821
0.5625	0.53125	-0.580185
0.59375	0.53125	-0.601876
0.625	0.53125	-0.631559
0.65625	0.53125	-0.670605
0.6875	0.53125	-0.717708
0.71875	0.53125	-0.774817
0.75	0.53125	-0.839551
0.78125	0.53125	-0.914232
0.8125	0.53125	-0.995022
0.84375	0.53125	-1.08512
0.875	0.53125	-1.17799
0.90625	0.53125	-1.28324
0.9375	0.53125	-1.37851
0.96875	0.53125	-1.48774
1	0.53125	-1.54736

0	0.5625	-1.53467
0.03125	0.5625	-1.474
0.0625	0.5625	-1.37928
0.09375	0.5625	-1.26871
0.125	0.5625	-1.16394
0.15625	0.5625	-1.06979
0.1875	0.5625	-0.984522
0.21875	0.5625	-0.900373
0.25	0.5625	-0.825733
0.28125	0.5625	-0.761099
0.3125	0.5625	-0.706087
0.34375	0.5625	-0.657829
0.375	0.5625	-0.619
0.40625	0.5625	-0.589534
0.4375	0.5625	-0.569245
0.46875	0.5625	-0.55573
0.5	0.5625	-0.551237
0.53125	0.5625	-0.55573
0.5625	0.5625	-0.569245
0.59375	0.5625	-0.589534
0.625	0.5625	-0.619
0.65625	0.5625	-0.657829
0.6875	0.5625	-0.706087
0.71875	0.5625	-0.761099
0.75	0.5625	-0.825733
0.78125	0.5625	-0.900373
0.8125	0.5625	-0.984522
0.84375	0.5625	-1.06979
0.875	0.5625	-1.16394
0.90625	0.5625	-1.26871
0.9375	0.5625	-1.37928
0.96875	0.5625	-1.474
1	0.5625	-1.53467

0	0.59375	-1.50902
0.03125	0.59375	-1.45139
0.0625	0.59375	-1.34335
0.09375	0.59375	-1.24859
0.125	0.59375	-1.14246
0.15625	0.59375	-1.04926
0.1875	0.59375	-0.958322
0.21875	0.59375	-0.878053
0.25	0.59375	-0.803977
0.28125	0.59375	-0.740126
0.3125	0.59375	-0.683933
0.34375	0.59375	-0.637485
0.375	0.59375	-0.599054
0.40625	0.59375	-0.569977
0.4375	0.59375	-0.548823
0.46875	0.59375	-0.536567
0.5	0.59375	-0.532102
0.53125	0.59375	-0.536567
0.5625	0.59375	-0.548823
0.59375	0.59375	-0.569977
0.625	0.59375	-0.599054
0.65625	0.59375	-0.637485
0.6875	0.59375	-0.683933
0.71875	0.59375	-0.740126
0.75	0.59375	-0.803977
0.78125	0.59375	-0.878053
0.8125	0.59375	-0.958322
0.84375	0.59375	-1.04926
0.875	0.59375	-1.14246
0.90625	0.59375	-1.24859
0.9375	0.59375	-1.34335
0.96875	0.59375	-1.45139
1	0.59375	-1.50902

0	0.625	-1.44725
0.03125	0.625	-1.39486
0.0625	0.625	-1.30908
0.09375	0.625	-1.20927
0.125	0.625	-1.11485
0.15625	0.625	-1.01505
0.1875	0.625	-0.924532
0.21875	0.625	-0.844685
0.25	0.625	-0.774524
0.28125	0.625	-0.709641
0.3125	0.625	-0.654261
0.34375	0.625	-0.608491
0.375	0.625	-0.571891
0.40625	0.625	-0.542224
0.4375	0.625	-0.521413
0.46875	0.625	-0.509401
0.5	0.625	-0.50607
0.53125	0.625	-0.509401
0.5625	0.625	-0.521413
0.59375	0.625	-0.542224
0.625	0.625	-0.571891
0.65625	0.625	-0.608491
0.6875	0.625	-0.654261
0.71875	0.625	-0.709641
0.75	0.625	-0.774524
0.78125	0.625	-0.844685
0.8125	0.625	-0.924532
0.84375	0.625	-1.01505
0.875	0.625	-1.11485
0.90625	0.625	-1.20927
0.9375	0.625	-1.30908
0.96875	0.625	-1.39486
1	0.625	-1.44725

0	0.65625	-1.42245
0.03125	0.65625	-1.36523
0.0625	0.65625	-1.25835
0.09375	0.65625	-1.16531
0.125	0.65625	-1.06132
0.15625	0.65625	-0.970612
0.1875	0.65625	-0.882248
0.21875	0.65625	-0.804486
0.25	0.65625	-0.732807
0.28125	0.65625	-0.671179
0.3125	0.65625	-0.617019
0.34375	0.65625	-0.572405
0.375	0.65625	-0.535566
0.40625	0.65625	-0.507535
0.4375	0.65625	-0.487171
0.46875	0.65625	-0.475476
0.5	0.65625	-0.471326
0.53125	0.65625	-0.475476
0.5625	0.65625	-0.487171
0.59375	0.65625	-0.507535
0.625	0.65625	-0.535566
0.65625	0.65625	-0.572405
0.6875	0.65625	-0.617019
0.71875	0.65625	-0.671179
0.75	0.65625	-0.732807
0.78125	0.65625	-0.804486
0.8125	0.65625	-0.882248
0.84375	0.65625	-0.970612
0.875	0.65625	-1.06132
0.90625	0.65625	-1.16531
0.9375	0.65625	-1.25835
0.96875	0.65625	-1.36523
1	0.65625	-1.42245

0	0.6875	-1.36084
0.03125	0.6875	-1.30102
0.0625	0.6875	-1.20866
0.09375	0.6875	-1.10163
0.125	0.6875	-1.00135
0.15625	0.6875	-0.912245
0.1875	0.6875	-0.832333
0.21875	0.6875	-0.753271
0.25	0.6875	-0.683558
0.28125	0.6875	-0.623505
0.3125	0.6875	-0.572567
0.34375	0.6875	-0.52814
0.375	0.6875	-0.49242
0.40625	0.6875	-0.46523
0.4375	0.6875	-0.446375
0.46875	0.6875	-0.434182
0.5	0.6875	-0.430127
0.53125	0.6875	-0.434182
0.5625	0.6875	-0.446375
0.59375	0.6875	-0.46523
0.625	0.6875	-0.49242
0.65625	0.6875	-0.52814
0.6875	0.6875	-0.572567
0.71875	0.6875	-0.623505
0.75	0.6875	-0.683558
0.78125	0.6875	-0.753271
0.8125	0.6875	-0.832333
0.84375	0.6875	-0.912245
0.875	0.6875	-1.00135
0.90625	0.6875	-1.10163
0.9375	0.6875	-1.20866
0.96875	0.6875	-1.30102
1	0.6875	-1.36084

0	0.71875	-1.28451
0.03125	0.71875	-1.22626
0.0625	0.71875	-1.12089
0.09375	0.71875	-1.0314
0.125	0.71875	-0.933326
0.15625	0.71875	-0.848281
0.1875	0.71875	-0.766288
0.21875	0.71875	-0.693593
0.25	0.71875	-0.626694
0.28125	0.71875	-0.569161
0.3125	0.71875	-0.518591
0.34375	0.71875	-0.477028
0.375	0.71875	-0.442724
0.40625	0.71875	-0.416655
0.4375	0.71875	-0.397735
0.46875	0.71875	-0.386719
0.5	0.71875	-0.382781
0.53125	0.71875	-0.386719
0.5625	0.71875	-0.397735
0.59375	0.71875	-0.416655
0.625	0.71875	-0.442724
0.65625	0.71875	-0.477028
0.6875	0.71875	-0.518591
0.71875	0.71875	-0.569161
0.75	0.71875	-0.626694
0.78125	0.71875	-0.693593
0.8125	0.71875	-0.766288
0.84375	0.71875	-0.848281
0.875	0.71875	-0.933326
0.90625	0.71875	-1.0314
0.9375	0.71875	-1.12089
0.96875	0.71875	-1.22626
1	0.71875	-1.28451

0	0.75	-1.17325
0.03125	0.75	-1.11903
0.0625	0.75	-1.03409
0.09375	0.75	-0.943924
0.125	0.75	-0.859201
0.15625	0.75	-0.771869
0.1875	0.75	-0.693122
0.21875	0.75	-0.623591
0.25	0.75	-0.562813
0.28125	0.75	-0.506155
0.3125	0.75	-0.457947
0.34375	0.75	-0.418387
0.375	0.75	-0.386814
0.40625	0.75	-0.361211
0.4375	0.75	-0.343182
0.46875	0.75	-0.332731
0.5	0.75	-0.329635
0.53125	0.75	-0.332731
0.5625	0.75	-0.343182
0.59375	0.75	-0.361211
0.625	0.75	-0.386814
0.65625	0.75	-0.418387
0.6875	0.75	-0.457947
0.71875	0.75	-0.506155
0.75	0.75	-0.562813
0.78125	0.75	-0.623591
0.8125	0.75	-0.693122
0.84375	0.75	-0.771869
0.875	0.75	-0.859201
0.90625	0.75	-0.943924
0.9375	0.75	-1.03409
0.96875	0.75	-1.11903
1	0.75	-1.17325

0	0.78125	-1.0978
0.03125	0.78125	-1.04028
0.0625	0.78125	-0.939438
0.09375	0.78125	-0.856003
0.125	0.78125	-0.76598
0.15625	0.78125	-0.687677
0.1875	0.78125	-0.61291
0.21875	0.78125	-0.54745
0.25	0.78125	-0.487579
0.28125	0.78125	-0.435921
0.3125	0.78125	-0.390651
0.34375	0.78125	-0.353662
0.375	0.78125	-0.323225
0.40625	0.78125	-0.299903
0.4375	0.78125	-0.283011
0.46875	0.78125	-0.273305
0.5	0.78125	-0.269946
0.53125	0.78125	-0.273305
0.5625	0.78125	-0.283011
0.59375	0.78125	-0.299903
0.625	0.78125	-0.323225
0.65625	0.78125	-0.353662
0.6875	0.78125	-0.390651
0.71875	0.78125	-0.435921
0.75	0.78125	-0.487579
0.78125	0.78125	-0.54745
0.8125	0.78125	-0.61291
0.84375	0.78125	-0.687677
0.875	0.78125	-0.76598
0.90625	0.78125	-0.856003
0.9375	0.78125	-0.939438
0.96875	0.78125	-1.04028
1	0.78125	-1.0978

0	0.8125	-0.988928
0.03125	0.8125	-0.930924
0.0625	0.8125	-0.845091
0.09375	0.8125	-0.752089
0.125	0.8125	-0.666664
0.15625	0.8125	-0.592052
0.1875	0.8125	-0.526063
0.21875	0.8125	-0.462058
0.25	0.8125	-0.406087
0.28125	0.8125	-0.358112
0.3125	0.8125	-0.317566
0.34375	0.8125	-0.282509
0.375	0.8125	-0.254338
0.40625	0.8125	-0.232863
0.4375	0.8125	-0.217862
0.46875	0.8125	-0.208498
0.5	0.8125	-0.205397
0.53125	0.8125	-0.208498
0.5625	0.8125	-0.217862
0.59375	0.8125	-0.232863
0.625	0.8125	-0.254338
0.65625	0.8125	-0.282509
0.6875	0.8125	-0.317566
0.71875	0.8125	-0.358112
0.75	0.8125	-0.406087
0.78125	0.8125	-0.462058
0.8125	0.8125	-0.526063
0.84375	0.8125	-0.592052
0.875	0.8125	-0.666664
0.90625	0.8125	-0.752089
0.9375	0.8125	-0.845091
0.96875	0.8125	-0.930924
1	0.8125	-0.988928

0	0.84375	-0.866668
0.03125	0.84375	-0.812132
0.0625	0.84375	-0.717785
0.09375	0.84375	-0.641308
0.125	0.84375	-0.559595
0.15625	0.84375	-0.491057
0.1875	0.84375	-0.426281
0.21875	0.84375	-0.36978
0.25	0.84375	-0.31861
0.28125	0.84375	-0.275216
0.3125	0.84375	-0.237505
0.34375	0.84375	-0.206289
0.375	0.84375	-0.180737
0.40625	0.84375	-0.161424
0.4375	0.84375	-0.147594
0.46875	0.84375	-0.139438
0.5	0.84375	-0.136612
0.53125	0.84375	-0.139438
0.5625	0.84375	-0.147594
0.59375	0.84375	-0.161424
0.625	0.84375	-0.180737
0.65625	0.84375	-0.206289
0.6875	0.84375	-0.237505
0.71875	0.84375	-0.275216
0.75	0.84375	-0.31861
0.78125	0.84375	-0.36978
0.8125	0.84375	-0.426281
0.84375	0.84375	-0.491057
0.875	0.84375	-0.559595
0.90625	0.84375	-0.641308
0.9375	0.84375	-0.717785
0.96875	0.84375	-0.812132
1	0.84375	-0.866668

0	0.875	-0.709292
0.03125	0.875	-0.660214
0.0625	0.875	-0.588412
0.09375	0.875	-0.513528
0.125	0.875	-0.445976
0.15625	0.875	-0.37928
0.1875	0.875	-0.32045
0.21875	0.875	-0.269791
0.25	0.875	-0.225961
0.28125	0.875	-0.186436
0.3125	0.875	-0.152919
0.34375	0.875	-0.125271
0.375	0.875	-0.103094
0.40625	0.875	-0.0857733
0.4375	0.875	-0.0735749
0.46875	0.875	-0.0664011
0.5	0.875	-0.0641796
0.53125	0.875	-0.0664011
0.5625	0.875	-0.0735749
0.59375	0.875	-0.0857733
0.625	0.875	-0.103094
0.65625	0.875	-0.125271
0.6875	0.875	-0.152919
0.71875	0.875	-0.186436
0.75	0.875	-0.225961
0.78125	0.875	-0.269791
0.8125	0.875	-0.32045
0.84375	0.875	-0.37928
0.875	0.875	-0.445976
0.90625	0.875	-0.513528
0.9375	0.875	-0.588412
0.96875	0.875	-0.660214
1	0.875	-0.709292

0	0.90625	-0.570903
0.03125	0.90625	-0.520654
0.0625	0.90625	-0.440381
0.09375	0.90625	-0.378572
0.125	0.90625	-0.314254
0.15625	0.90625	-0.259534
0.1875	0.90625	-0.208543
0.21875	0.90625	-0.165334
0.25	0.90625	-0.126678
0.28125	0.90625	-0.0932991
0.3125	0.90625	-0.0644707
0.34375	0.90625	-0.0408706
0.375	0.90625	-0.0216938
0.40625	0.90625	-0.00699067
0.4375	0.90625	0.00349931
0.46875	0.90625	0.00963928
0.5	0.90625	0.0117127
0.53125	0.90625	0.00963928
0.5625	0.90625	0.00349931
0.59375	0.90625	-0.00699067
0.625	0.90625	-0.0216938
0.65625	0.90625	-0.0408706
0.6875	0.90625	-0.0644707
0.71875	0.90625	-0.0932991
0.75	0.90625	-0.126678
0.78125	0.90625	-0.165334
0.8125	0.90625	-0.208543
0.84375	0.90625	-0.259534
0.875	0.90625	-0.314254
0.90625	0.90625	-0.378572
0.9375	0.90625	-0.440381
0.96875	0.90625	-0.520654
1	0.90625	-0.570903

0	0.9375	-0.402108
0.03125	0.9375	-0.352482
0.0625	0.9375	-0.289298
0.09375	0.9375	-0.229794
0.125	0.9375	-0.177069
0.15625	0.9375	-0.131819
0.1875	0.9375	-0.0922021
0.21875	0.9375	-0.0557293
0.25	0.9375	-0.0239184
0.28125	0.9375	0.00353256
0.3125	0.9375	0.0268804
0.34375	0.9375	0.0464544
0.375	0.9375	0.0622467
0.40625	0.9375	0.0743693
0.4375	0.9375	0.0829079
0.46875	0.9375	0.0881366
0.5	0.9375	0.0898726
0.53125	0.9375	0.0881366
0.5625	0.9375	0.0829079
0.59375	0.9375	0.0743693
0.625	0.9375	0.0622467
0.65625	0.9375	0.0464544
0.6875	0.9375	0.0268804
0.71875	0.9375	0.00353256
0.75	0.9375	-0.0239184
0.78125	0.9375	-0.0557293
0.8125	0.9375	-0.0922021
0.84375	0.9375	-0.131819
0.875	0.9375	-0.177069
0.90625	0.9375	-0.229794
0.9375	0.9375	-0.289298
0.96875	0.9375	-0.352482
1	0.9375	-0.402108

0	0.96875	-0.208786
0.03125	0.96875	-0.168985
0.0625	0.96875	-0.116569
0.09375	0.96875	-0.0754596
0.125	0.96875	-0.0350272
0.15625	0.96875	-0.00139765
0.1875	0.96875	0.0292615
0.21875	0.96875	0.0567102
0.25	0.96875	0.0811845
0.28125	0.96875	0.102223
0.3125	0.96875	0.120364
0.34375	0.96875	0.13554
0.375	0.96875	0.147879
0.40625	0.96875	0.157355
0.4375	0.96875	0.164105
0.46875	0.96875	0.168165
0.5	0.96875	0.169552
0.53125	0.96875	0.168165
0.5625	0.96875	0.164105
0.59375	0.96875	0.157355
0.625	0.96875	0.147879
0.65625	0.96875	0.13554
0.6875	0.96875	0.120364
0.71875	0.96875	0.102223
0.75	0.96875	0.0811845
0.78125	0.96875	0.0567102
0.8125	0.96875	0.0292615
0.84375	0.96875	-0.00139765
0.875	0.96875	-0.0350272
0.90625	0.96875	-0.0754596
0.9375	0.96875	-0.116569
0.96875	0.96875	-0.168985
1	0.96875	-0.208786

0	1	0
0.03125	1	0.0302734
0.0625	1	0.0585938
0.09375	1	0.0849609
0.125	1	0.109375
0.15625	1	0.131836
0.1875	1	0.152344
0.21875	1	0.170898
0.25	1	0.1875
0.28125	1	0.202148
0.3125	1	0.214844
0.34375	1	0.225586
0.375	1	0.234375
0.40625	1	0.241211
0.4375	1	0.246094
0.46875	1	0.249023
0.5	1	0.25
0.53125	1	0.249023
0.5625	1	0.246094
0.59375	1	0.241211
0.625	1	0.234375
0.65625	1	0.225586
0.6875	1	0.214844
0.71875	1	0.202148
0.75	1	0.1875
0.78125	1	0.170898
0.8125	1	0.152344
0.84375	1	0.131836
0.875	1	0.109375
0.90625	1	0.0849609
0.9375	1	0.0585938
0.96875	1	0.0302734
1	1	0

