0	0	0
0.03125	0	0.0302734
0.0625	0	0.0585938
0.09375	0	0.0849609
0.125	0	0.109375
0.15625	0	0.131836
0.1875	0	0.152344
0.21875	0	0.170898
0.25	0	0.1875
0.28125	0	0.202148
0.3125	0	0.214844
0.34375	0	0.225586
0.375	0	0.234375
0.40625	0	0.241211
0.4375	0	0.246094
0.46875	0	0.249023
0.5	0	0.25
0.53125	0	0.249023
0.5625	0	0.246094
0.59375	0	0.241211
0.625	0	0.234375
0.65625	0	0.225586
0.6875	0	0.214844
0.71875	0	0.202148
0.75	0	0.1875
0.78125	0	0.170898
0.8125	0	0.152344
0.84375	0	0.131836
0.875	0	0.109375
0.90625	0	0.0849609
0.9375	0	0.0585938
0.96875	0	0.0302734
1	0	0

0	0.03125	0.00657673
0.03125	0.03125	0.0379428
0.0625	0.03125	0.0672436
0.09375	0.03125	0.0939629
0.125	0.03125	0.118534
0.15625	0.03125	0.141068
0.1875	0.03125	0.161531
0.21875	0.03125	0.180012
0.25	0.03125	0.196489
0.28125	0.03125	0.211023
0.3125	0.03125	0.223587
0.34375	0.03125	0.23421
0.375	0.03125	0.242883
0.40625	0.03125	0.249638
0.4375	0.03125	0.254455
0.46875	0.03125	0.257345
0.5	0.03125	0.258301
0.53125	0.03125	0.257345
0.5625	0.03125	0.254456
0.59375	0.03125	0.24964
0.625	0.03125	0.242885
0.65625	0.03125	0.234213
0.6875	0.03125	0.22359
0.71875	0.03125	0.211027
0.75	0.03125	0.196493
0.78125	0.03125	0.180017
0.8125	0.03125	0.161538
0.84375	0.03125	0.141076
0.875	0.03125	0.118542
0.90625	0.03125	0.0939732
0.9375	0.03125	0.0672554
0.96875	0.03125	0.0379569
1	0.03125	0.0065879

0	0.0625	0.0151273
0.03125	0.0625	0.0466035
0.0625	0.0625	0.0762081
0.09375	0.0625	0.103211
0.125	0.0625	0.127852
0.15625	0.0625	0.15039
0.1875	0.0625	0.170781
0.21875	0.0625	0.189155
0.25	0.0625	0.205495
0.28125	0.0625	0.219894
0.3125	0.0625	0.232323
0.34375	0.0625	0.242812
0.375	0.0625	0.251369
0.40625	0.0625	0.258032
0.4375	0.0625	0.262785
0.46875	0.0625	0.265627
0.5	0.0625	0.266568
0.53125	0.0625	0.265628
0.5625	0.0625	0.262788
0.59375	0.0625	0.258036
0.625	0.0625	0.251373
0.65625	0.0625	0.242818
0.6875	0.0625	0.23233
0.71875	0.0625	0.219903
0.75	0.0625	0.205505
0.78125	0.0625	0.189167
0.8125	0.0625	0.170796
0.84375	0.0625	0.150406
0.875	0.0625	0.12787
0.90625	0.0625	0.103233
0.9375	0.0625	0.0762339
0.96875	0.0625	0.0466334
1	0.0625	0.0151493

0	0.09375	0.0241134
0.03125	0.09375	0.0555579
0.0625	0.09375	0.0856703
0.09375	0.09375	0.112649
0.125	0.09375	0.137279
0.15625	0.09375	0.15978
0.1875	0.09375	0.180048
0.21875	0.09375	0.198305
0.25	0.09375	0.214487
0.28125	0.09375	0.228734
0.3125	0.09375	0.240995
0.34375	0.09375	0.25136
0.375	0.09375	0.259793
0.40625	0.09375	0.266358
0.4375	0.09375	0.271024
0.46875	0.09375	0.273837
0.5	0.09375	0.274763
0.53125	0.09375	0.273838
0.5625	0.09375	0.271027
0.59375	0.09375	0.266363
0.625	0.09375	0.259799
0.65625	0.09375	0.251369
0.6875	0.09375	0.241006
0.71875	0.09375	0.228747
0.75	0.09375	0.214503
0.78125	0.09375	0.198323
0.8125	0.09375	0.180069
0.84375	0.09375	0.159804
0.875	0.09375	0.137306
0.90625	0.09375	0.112683
0.9375	0.09375	0.0857087
0.96875	0.09375	0.0556095
1	0.09375	0.0241461

0	0.125	0.0344523
0.03125	0.125	0.0658651
0.0625	0.125	0.0956066
0.09375	0.125	0.122598
0.125	0.125	0.147084
0.15625	0.125	0.169412
0.1875	0.125	0.189489
0.21875	0.125	0.207555
0.25	0.125	0.22354
0.28125	0.125	0.237586
0.3125	0.125	0.249659
0.34375	0.125	0.259863
0.375	0.125	0.268165
0.40625	0.125	0.274607
0.4375	0.125	0.279187
0.46875	0.125	0.281952
0.5	0.125	0.282875
0.53125	0.125	0.281954
0.5625	0.125	0.279191
0.59375	0.125	0.274613
0.625	0.125	0.268174
0.65625	0.125	0.259875
0.6875	0.125	0.249673
0.71875	0.125	0.237603
0.75	0.125	0.22356
0.78125	0.125	0.207578
0.8125	0.125	0.189515
0.84375	0.125	0.169442
0.875	0.125	0.14712
0.90625	0.125	0.122641
0.9375	0.125	0.0956565
0.96875	0.125	0.0659324
1	0.125	0.0344899

0	0.15625	0.045159
0.03125	0.15625	0.0763681
0.0625	0.15625	0.106151
0.09375	0.15625	0.132819
0.125	0.15625	0.157062
0.15625	0.15625	0.179166
0.1875	0.15625	0.198991
0.21875	0.15625	0.216815
0.25	0.15625	0.232552
0.28125	0.15625	0.246377
0.3125	0.15625	0.258237
0.34375	0.15625	0.26826
0.375	0.15625	0.276395
0.40625	0.15625	0.282724
0.4375	0.15625	0.287212
0.46875	0.15625	0.289924
0.5	0.15625	0.290816
0.53125	0.15625	0.289927
0.5625	0.15625	0.287217
0.59375	0.15625	0.282732
0.625	0.15625	0.276406
0.65625	0.15625	0.268274
0.6875	0.15625	0.258254
0.71875	0.15625	0.246397
0.75	0.15625	0.232576
0.78125	0.15625	0.216843
0.8125	0.15625	0.199022
0.84375	0.15625	0.179203
0.875	0.15625	0.157103
0.90625	0.15625	0.132865
0.9375	0.15625	0.106201
0.96875	0.15625	0.0764238
1	0.15625	0.0452007

0	0.1875	0.0571681
0.03125	0.1875	0.0881734
0.0625	0.1875	0.11721
0.09375	0.1875	0.143601
0.125	0.1875	0.167483
0.15625	0.1875	0.189225
0.1875	0.1875	0.208704
0.21875	0.1875	0.226202
0.25	0.1875	0.241627
0.28125	0.1875	0.255171
0.3125	0.1875	0.266777
0.34375	0.1875	0.276574
0.375	0.1875	0.284524
0.40625	0.1875	0.290707
0.4375	0.1875	0.2951
0.46875	0.1875	0.297737
0.5	0.1875	0.298609
0.53125	0.1875	0.29774
0.5625	0.1875	0.295106
0.59375	0.1875	0.290717
0.625	0.1875	0.284536
0.65625	0.1875	0.27659
0.6875	0.1875	0.266797
0.71875	0.1875	0.255195
0.75	0.1875	0.241655
0.78125	0.1875	0.226235
0.8125	0.1875	0.208741
0.84375	0.1875	0.189266
0.875	0.1875	0.167529
0.90625	0.1875	0.143651
0.9375	0.1875	0.117261
0.96875	0.1875	0.0882173
1	0.1875	0.0572135

0	0.21875	0.0696213
0.03125	0.21875	0.100247
0.0625	0.21875	0.128785
0.09375	0.21875	0.154642
0.125	0.21875	0.178052
0.15625	0.21875	0.199373
0.1875	0.21875	0.218448
0.21875	0.21875	0.235562
0.25	0.21875	0.250629
0.28125	0.21875	0.263849
0.3125	0.21875	0.275165
0.34375	0.21875	0.284721
0.375	0.21875	0.292465
0.40625	0.21875	0.298487
0.4375	0.21875	0.302754
0.46875	0.21875	0.305337
0.5	0.21875	0.306187
0.53125	0.21875	0.305341
0.5625	0.21875	0.302761
0.59375	0.21875	0.298498
0.625	0.21875	0.292479
0.65625	0.21875	0.284739
0.6875	0.21875	0.275187
0.71875	0.21875	0.263876
0.75	0.21875	0.250661
0.78125	0.21875	0.235599
0.8125	0.21875	0.21849
0.84375	0.21875	0.199421
0.875	0.21875	0.178106
0.90625	0.21875	0.154701
0.9375	0.21875	0.128847
0.96875	0.21875	0.100308
1	0.21875	0.0696732

0	0.25	0.0830745
0.03125	0.25	0.11332
0.0625	0.25	0.14094
0.09375	0.25	0.166224
0.125	0.25	0.189042
0.15625	0.25	0.209817
0.1875	0.25	0.228378
0.21875	0.25	0.24502
0.25	0.25	0.259649
0.28125	0.25	0.272478
0.3125	0.25	0.283448
0.34375	0.25	0.292713
0.375	0.25	0.300223
0.40625	0.25	0.306047
0.4375	0.25	0.310181
0.46875	0.25	0.312685
0.5	0.25	0.313527
0.53125	0.25	0.312689
0.5625	0.25	0.310189
0.59375	0.25	0.306059
0.625	0.25	0.30024
0.65625	0.25	0.292733
0.6875	0.25	0.283473
0.71875	0.25	0.272508
0.75	0.25	0.259684
0.78125	0.25	0.245061
0.8125	0.25	0.228425
0.84375	0.25	0.209871
0.875	0.25	0.189103
0.90625	0.25	0.166293
0.9375	0.25	0.141016
0.96875	0.25	0.113403
1	0.25	0.0831379

0	0.28125	0.0972319
0.03125	0.28125	0.126965
0.0625	0.28125	0.153483
0.09375	0.28125	0.178063
0.125	0.28125	0.200179
0.15625	0.28125	0.220311
0.1875	0.28125	0.238277
0.21875	0.28125	0.254373
0.25	0.28125	0.268507
0.28125	0.28125	0.280896
0.3125	0.28125	0.291484
0.34375	0.28125	0.300425
0.375	0.28125	0.30767
0.40625	0.28125	0.313295
0.4375	0.28125	0.317285
0.46875	0.28125	0.319698
0.5	0.28125	0.320497
0.53125	0.28125	0.319703
0.5625	0.28125	0.317294
0.59375	0.28125	0.313309
0.625	0.28125	0.307688
0.65625	0.28125	0.300448
0.6875	0.28125	0.291512
0.71875	0.28125	0.28093
0.75	0.28125	0.268547
0.78125	0.28125	0.254419
0.8125	0.28125	0.23833
0.84375	0.28125	0.220371
0.875	0.28125	0.200248
0.90625	0.28125	0.178146
0.9375	0.28125	0.153574
0.96875	0.28125	0.127081
1	0.28125	0.097308

0	0.3125	0.111971
0.03125	0.3125	0.141191
0.0625	0.3125	0.166733
0.09375	0.3125	0.190392
0.125	0.3125	0.21166
0.15625	0.3125	0.231026
0.1875	0.3125	0.248281
0.21875	0.3125	0.263733
0.25	0.3125	0.277289
0.28125	0.3125	0.289164
0.3125	0.3125	0.299308
0.34375	0.3125	0.307874
0.375	0.3125	0.314819
0.40625	0.3125	0.32021
0.4375	0.3125	0.324044
0.46875	0.3125	0.326342
0.5	0.3125	0.32711
0.53125	0.3125	0.326347
0.5625	0.3125	0.324054
0.59375	0.3125	0.320225
0.625	0.3125	0.314839
0.65625	0.3125	0.307899
0.6875	0.3125	0.299338
0.71875	0.3125	0.289201
0.75	0.3125	0.277332
0.78125	0.3125	0.263783
0.8125	0.3125	0.248339
0.84375	0.3125	0.231092
0.875	0.3125	0.211736
0.90625	0.3125	0.190482
0.9375	0.3125	0.166837
0.96875	0.3125	0.14133
1	0.3125	0.112049

0	0.34375	0.12785
0.03125	0.34375	0.156341
0.0625	0.34375	0.179963
0.09375	0.34375	0.202773
0.125	0.34375	0.223115
0.15625	0.34375	0.241622
0.1875	0.34375	0.258106
0.21875	0.34375	0.272862
0.25	0.34375	0.285795
0.28125	0.34375	0.297115
0.3125	0.34375	0.306782
0.34375	0.34375	0.314945
0.375	0.34375	0.321569
0.40625	0.34375	0.326708
0.4375	0.34375	0.330365
0.46875	0.34375	0.332565
0.5	0.34375	0.333302
0.53125	0.34375	0.33257
0.5625	0.34375	0.330375
0.59375	0.34375	0.326724
0.625	0.34375	0.32159
0.65625	0.34375	0.314972
0.6875	0.34375	0.306815
0.71875	0.34375	0.297154
0.75	0.34375	0.285842
0.78125	0.34375	0.272916
0.8125	0.34375	0.258167
0.84375	0.34375	0.241691
0.875	0.34375	0.223192
0.90625	0.34375	0.202861
0.9375	0.34375	0.180057
0.96875	0.34375	0.156447
1	0.34375	0.127928

0	0.375	0.143744
0.03125	0.375	0.171506
0.0625	0.375	0.194092
0.09375	0.375	0.215577
0.125	0.375	0.234791
0.15625	0.375	0.252322
0.1875	0.375	0.267901
0.21875	0.375	0.28185
0.25	0.375	0.294075
0.28125	0.375	0.304758
0.3125	0.375	0.313889
0.34375	0.375	0.3216
0.375	0.375	0.327868
0.40625	0.375	0.332722
0.4375	0.375	0.33619
0.46875	0.375	0.33827
0.5	0.375	0.338988
0.53125	0.375	0.338275
0.5625	0.375	0.336202
0.59375	0.375	0.332739
0.625	0.375	0.327891
0.65625	0.375	0.321629
0.6875	0.375	0.313924
0.71875	0.375	0.3048
0.75	0.375	0.294125
0.78125	0.375	0.281906
0.8125	0.375	0.267965
0.84375	0.375	0.252394
0.875	0.375	0.23487
0.90625	0.375	0.215661
0.9375	0.375	0.194178
0.96875	0.375	0.171577
1	0.375	0.143821

0	0.40625	0.161394
0.03125	0.40625	0.188229
0.0625	0.40625	0.207918
0.09375	0.40625	0.228373
0.125	0.40625	0.246375
0.15625	0.40625	0.262776
0.1875	0.40625	0.27737
0.21875	0.40625	0.290433
0.25	0.40625	0.301879
0.28125	0.40625	0.311894
0.3125	0.40625	0.320465
0.34375	0.40625	0.327707
0.375	0.40625	0.33361
0.40625	0.40625	0.33818
0.4375	0.40625	0.341453
0.46875	0.40625	0.343405
0.5	0.40625	0.344072
0.53125	0.40625	0.343411
0.5625	0.40625	0.341465
0.59375	0.40625	0.338198
0.625	0.40625	0.333634
0.65625	0.40625	0.327738
0.6875	0.40625	0.320502
0.71875	0.40625	0.311939
0.75	0.40625	0.30193
0.78125	0.40625	0.290492
0.8125	0.40625	0.277437
0.84375	0.40625	0.262852
0.875	0.40625	0.246458
0.90625	0.40625	0.228463
0.9375	0.40625	0.208013
0.96875	0.40625	0.18832
1	0.40625	0.161474

0	0.4375	0.178202
0.03125	0.4375	0.20411
0.0625	0.4375	0.222871
0.09375	0.4375	0.24145
0.125	0.4375	0.257977
0.15625	0.4375	0.273136
0.1875	0.4375	0.286599
0.21875	0.4375	0.298656
0.25	0.4375	0.309245
0.28125	0.4375	0.318511
0.3125	0.4375	0.326467
0.34375	0.4375	0.333196
0.375	0.4375	0.338706
0.40625	0.4375	0.342959
0.4375	0.4375	0.346034
0.46875	0.4375	0.347833
0.5	0.4375	0.348468
0.53125	0.4375	0.347839
0.5625	0.4375	0.346047
0.59375	0.4375	0.342978
0.625	0.4375	0.338732
0.65625	0.4375	0.333228
0.6875	0.4375	0.326506
0.71875	0.4375	0.318557
0.75	0.4375	0.309299
0.78125	0.4375	0.298718
0.8125	0.4375	0.286669
0.84375	0.4375	0.273215
0.875	0.4375	0.258065
0.90625	0.4375	0.24155
0.9375	0.4375	0.222981
0.96875	0.4375	0.204229
1	0.4375	0.178293

0	0.46875	0.197561
0.03125	0.46875	0.222197
0.0625	0.46875	0.236616
0.09375	0.46875	0.254061
0.125	0.46875	0.269139
0.15625	0.46875	0.282918
0.1875	0.46875	0.295223
0.21875	0.46875	0.306265
0.25	0.46875	0.315976
0.28125	0.46875	0.324475
0.3125	0.46875	0.331792
0.34375	0.46875	0.338
0.375	0.46875	0.343108
0.40625	0.46875	0.34704
0.4375	0.46875	0.349884
0.46875	0.46875	0.351573
0.5	0.46875	0.352173
0.53125	0.46875	0.351579
0.5625	0.46875	0.349897
0.59375	0.46875	0.347059
0.625	0.46875	0.343134
0.65625	0.46875	0.338033
0.6875	0.46875	0.331832
0.71875	0.46875	0.324523
0.75	0.46875	0.316032
0.78125	0.46875	0.306328
0.8125	0.46875	0.295296
0.84375	0.46875	0.283
0.875	0.46875	0.269231
0.90625	0.46875	0.254172
0.9375	0.46875	0.23674
0.96875	0.46875	0.222359
1	0.46875	0.197665

0	0.5	0.214842
0.03125	0.5	0.238207
0.0625	0.5	0.251753
0.09375	0.5	0.266729
0.125	0.5	0.280003
0.15625	0.5	0.292317
0.1875	0.5	0.303304
0.21875	0.5	0.313204
0.25	0.5	0.321982
0.28125	0.5	0.329628
0.3125	0.5	0.336276
0.34375	0.5	0.341924
0.375	0.5	0.346627
0.40625	0.5	0.350202
0.4375	0.5	0.352837
0.46875	0.5	0.354381
0.5	0.5	0.35498
0.53125	0.5	0.354387
0.5625	0.5	0.35285
0.59375	0.5	0.350222
0.625	0.5	0.346654
0.65625	0.5	0.341958
0.6875	0.5	0.336318
0.71875	0.5	0.329677
0.75	0.5	0.322039
0.78125	0.5	0.313269
0.8125	0.5	0.303378
0.84375	0.5	0.2924
0.875	0.5	0.280098
0.90625	0.5	0.266844
0.9375	0.5	0.251889
0.96875	0.5	0.238394
1	0.5	0.214944

0	0.53125	0.235695
0.03125	0.53125	0.257574
0.0625	0.53125	0.265111
0.09375	0.53125	0.278772
0.125	0.53125	0.290239
0.15625	0.53125	0.300871
0.1875	0.53125	0.310506
0.21875	0.53125	0.319215
0.25	0.53125	0.326993
0.28125	0.53125	0.333822
0.3125	0.53125	0.339811
0.34375	0.53125	0.344918
0.375	0.53125	0.349211
0.40625	0.53125	0.352495
0.4375	0.53125	0.354924
0.46875	0.53125	0.356332
0.5	0.53125	0.356862
0.53125	0.53125	0.356338
0.5625	0.53125	0.354938
0.59375	0.53125	0.352515
0.625	0.53125	0.349238
0.65625	0.53125	0.344952
0.6875	0.53125	0.339853
0.71875	0.53125	0.333871
0.75	0.53125	0.32705
0.78125	0.53125	0.31928
0.8125	0.53125	0.31058
0.84375	0.53125	0.300953
0.875	0.53125	0.290331
0.90625	0.53125	0.278878
0.9375	0.53125	0.265226
0.96875	0.53125	0.257706
1	0.53125	0.235791

0	0.5625	0.25262
0.03125	0.5625	0.273013
0.0625	0.5625	0.280096
0.09375	0.5625	0.290432
0.125	0.5625	0.299675
0.15625	0.5625	0.308581
0.1875	0.5625	0.31673
0.21875	0.5625	0.324144
0.25	0.5625	0.330907
0.28125	0.5625	0.336862
0.3125	0.5625	0.342193
0.34375	0.5625	0.346749
0.375	0.5625	0.350654
0.40625	0.5625	0.353625
0.4375	0.5625	0.35589
0.46875	0.5625	0.357128
0.5	0.5625	0.35763
0.53125	0.5625	0.357134
0.5625	0.5625	0.355903
0.59375	0.5625	0.353645
0.625	0.5625	0.350682
0.65625	0.5625	0.346784
0.6875	0.5625	0.342235
0.71875	0.5625	0.336912
0.75	0.5625	0.330964
0.78125	0.5625	0.324209
0.8125	0.5625	0.316803
0.84375	0.5625	0.308662
0.875	0.5625	0.299762
0.90625	0.5625	0.290525
0.9375	0.5625	0.28019
0.96875	0.5625	0.273085
1	0.5625	0.252707

0	0.59375	0.274333
0.03125	0.59375	0.292676
0.0625	0.59375	0.29136
0.09375	0.59375	0.300515
0.125	0.59375	0.307866
0.15625	0.59375	0.314898
0.1875	0.59375	0.321622
0.21875	0.59375	0.327855
0.25	0.59375	0.333668
0.28125	0.59375	0.338809
0.3125	0.59375	0.343506
0.34375	0.59375	0.347545
0.375	0.59375	0.35108
0.40625	0.59375	0.353763
0.4375	0.59375	0.355828
0.46875	0.59375	0.356971
0.5	0.59375	0.357442
0.53125	0.59375	0.356978
0.5625	0.59375	0.355841
0.59375	0.59375	0.353783
0.625	0.59375	0.351107
0.65625	0.59375	0.347579
0.6875	0.59375	0.343547
0.71875	0.59375	0.338858
0.75	0.59375	0.333724
0.78125	0.59375	0.327919
0.8125	0.59375	0.321694
0.84375	0.59375	0.314978
0.875	0.59375	0.307954
0.90625	0.59375	0.300611
0.9375	0.59375	0.291461
0.96875	0.59375	0.292773
1	0.59375	0.274418

0	0.625	0.289513
0.03125	0.625	0.305806
0.0625	0.625	0.304427
0.09375	0.625	0.30953
0.125	0.625	0.314495
0.15625	0.625	0.319695
0.1875	0.625	0.32493
0.21875	0.625	0.329921
0.25	0.625	0.334861
0.28125	0.625	0.33918
0.3125	0.625	0.343309
0.34375	0.625	0.346875
0.375	0.625	0.350098
0.40625	0.625	0.35251
0.4375	0.625	0.354435
0.46875	0.625	0.355471
0.5	0.625	0.355948
0.53125	0.625	0.355477
0.5625	0.625	0.354448
0.59375	0.625	0.35253
0.625	0.625	0.350125
0.65625	0.625	0.346909
0.6875	0.625	0.34335
0.71875	0.625	0.339228
0.75	0.625	0.334917
0.78125	0.625	0.329984
0.8125	0.625	0.325001
0.84375	0.625	0.319775
0.875	0.625	0.314585
0.90625	0.625	0.309632
0.9375	0.625	0.30454
0.96875	0.625	0.305936
1	0.625	0.289604

0	0.65625	0.310919
0.03125	0.65625	0.325004
0.0625	0.65625	0.31261
0.09375	0.65625	0.316513
0.125	0.65625	0.319335
0.15625	0.65625	0.322583
0.1875	0.65625	0.32649
0.21875	0.65625	0.330329
0.25	0.65625	0.334392
0.28125	0.65625	0.338061
0.3125	0.65625	0.341727
0.34375	0.65625	0.344921
0.375	0.65625	0.347917
0.40625	0.65625	0.350154
0.4375	0.65625	0.351974
0.46875	0.65625	0.352934
0.5	0.65625	0.353377
0.53125	0.65625	0.35294
0.5625	0.65625	0.351987
0.59375	0.65625	0.350174
0.625	0.65625	0.347944
0.65625	0.65625	0.344955
0.6875	0.65625	0.341767
0.71875	0.65625	0.338108
0.75	0.65625	0.334446
0.78125	0.65625	0.330391
0.8125	0.65625	0.326559
0.84375	0.65625	0.322661
0.875	0.65625	0.319422
0.90625	0.65625	0.316618
0.9375	0.65625	0.312727
0.96875	0.65625	0.32516
1	0.65625	0.311018

0	0.6875	0.32179
0.03125	0.6875	0.333665
0.0625	0.6875	0.322493
0.09375	0.6875	0.321245
0.125	0.6875	0.321453
0.15625	0.6875	0.322993
0.1875	0.6875	0.325677
0.21875	0.6875	0.328427
0.25	0.6875	0.331823
0.28125	0.6875	0.33494
0.3125	0.6875	0.338284
0.34375	0.6875	0.341239
0.375	0.6875	0.344099
0.40625	0.6875	0.346229
0.4375	0.6875	0.348021
0.46875	0.6875	0.348917
0.5	0.6875	0.349358
0.53125	0.6875	0.348923
0.5625	0.6875	0.348034
0.59375	0.6875	0.346249
0.625	0.6875	0.344125
0.65625	0.6875	0.341271
0.6875	0.6875	0.338323
0.71875	0.6875	0.334985
0.75	0.6875	0.331875
0.78125	0.6875	0.328486
0.8125	0.6875	0.325743
0.84375	0.6875	0.323067
0.875	0.6875	0.321536
0.90625	0.6875	0.321344
0.9375	0.6875	0.32261
0.96875	0.6875	0.333831
1	0.6875	0.321878

0	0.71875	0.340192
0.03125	0.71875	0.34947
0.0625	0.71875	0.323911
0.09375	0.71875	0.32242
0.125	0.71875	0.321088
0.15625	0.71875	0.320872
0.1875	0.71875	0.32257
0.21875	0.71875	0.324617
0.25	0.71875	0.327577
0.28125	0.71875	0.330343
0.3125	0.71875	0.3335
0.34375	0.71875	0.336267
0.375	0.71875	0.339062
0.40625	0.71875	0.341143
0.4375	0.71875	0.342927
0.46875	0.71875	0.343818
0.5	0.71875	0.344262
0.53125	0.71875	0.343825
0.5625	0.71875	0.34294
0.59375	0.71875	0.341162
0.625	0.71875	0.339087
0.65625	0.71875	0.336299
0.6875	0.71875	0.333537
0.71875	0.71875	0.330387
0.75	0.71875	0.327626
0.78125	0.71875	0.324672
0.8125	0.71875	0.322631
0.84375	0.71875	0.320938
0.875	0.71875	0.321161
0.90625	0.71875	0.322502
0.9375	0.71875	0.324
0.96875	0.71875	0.349569
1	0.71875	0.340267

0	0.75	0.341981
0.03125	0.75	0.348662
0.0625	0.75	0.326365
0.09375	0.75	0.319468
0.125	0.75	0.316342
0.15625	0.75	0.315002
0.1875	0.75	0.316139
0.21875	0.75	0.317742
0.25	0.75	0.320691
0.28125	0.75	0.323344
0.3125	0.75	0.326567
0.34375	0.75	0.32938
0.375	0.75	0.332243
0.40625	0.75	0.33441
0.4375	0.75	0.336274
0.46875	0.75	0.337204
0.5	0.75	0.337672
0.53125	0.75	0.337211
0.5625	0.75	0.336287
0.59375	0.75	0.334429
0.625	0.75	0.332268
0.65625	0.75	0.329411
0.6875	0.75	0.326603
0.71875	0.75	0.323385
0.75	0.75	0.320738
0.78125	0.75	0.317794
0.8125	0.75	0.316195
0.84375	0.75	0.315062
0.875	0.75	0.316403
0.90625	0.75	0.319531
0.9375	0.75	0.326426
0.96875	0.75	0.348695
1	0.75	0.342043

0	0.78125	0.351989
0.03125	0.78125	0.356933
0.0625	0.78125	0.318274
0.09375	0.78125	0.312365
0.125	0.78125	0.308325
0.15625	0.78125	0.306093
0.1875	0.78125	0.307186
0.21875	0.78125	0.308721
0.25	0.78125	0.311728
0.28125	0.78125	0.314612
0.3125	0.78125	0.318099
0.34375	0.78125	0.321145
0.375	0.78125	0.324263
0.40625	0.78125	0.3266
0.4375	0.78125	0.3286
0.46875	0.78125	0.32961
0.5	0.78125	0.330097
0.53125	0.78125	0.329616
0.5625	0.78125	0.328612
0.59375	0.78125	0.326618
0.625	0.78125	0.324287
0.65625	0.78125	0.321175
0.6875	0.78125	0.318133
0.71875	0.78125	0.314652
0.75	0.78125	0.311773
0.78125	0.78125	0.30877
0.8125	0.78125	0.307239
0.84375	0.78125	0.306148
0.875	0.78125	0.308384
0.90625	0.78125	0.312426
0.9375	0.78125	0.318338
0.96875	0.78125	0.356994
1	0.78125	0.352042

0	0.8125	0.336614
0.03125	0.8125	0.339821
0.0625	0.8125	0.309585
0.09375	0.8125	0.29845
0.125	0.8125	0.293895
0.15625	0.8125	0.292116
0.1875	0.8125	0.294015
0.21875	0.8125	0.296016
0.25	0.8125	0.299751
0.28125	0.8125	0.303249
0.3125	0.8125	0.307366
0.34375	0.8125	0.310955
0.375	0.8125	0.314506
0.40625	0.8125	0.317186
0.4375	0.8125	0.319427
0.46875	0.8125	0.320573
0.5	0.8125	0.321104
0.53125	0.8125	0.320579
0.5625	0.8125	0.319439
0.59375	0.8125	0.317203
0.625	0.8125	0.314529
0.65625	0.8125	0.310984
0.6875	0.8125	0.3074
0.71875	0.8125	0.303288
0.75	0.8125	0.299793
0.78125	0.8125	0.296062
0.8125	0.8125	0.294065
0.84375	0.8125	0.29217
0.875	0.8125	0.293952
0.90625	0.8125	0.298513
0.9375	0.8125	0.309654
0.96875	0.8125	0.339917
1	0.8125	0.336665

0	0.84375	0.328271
0.03125	0.84375	0.33172
0.0625	0.84375	0.286172
0.09375	0.84375	0.279589
0.125	0.84375	0.276351
0.15625	0.84375	0.275062
0.1875	0.84375	0.278073
0.21875	0.84375	0.281252
0.25	0.84375	0.286041
0.28125	0.84375	0.290476
0.3125	0.84375	0.29538
0.34375	0.84375	0.299598
0.375	0.84375	0.303674
0.40625	0.84375	0.306766
0.4375	0.84375	0.309295
0.46875	0.84375	0.31063
0.5	0.84375	0.311212
0.53125	0.84375	0.310636
0.5625	0.84375	0.309306
0.59375	0.84375	0.306783
0.625	0.84375	0.303696
0.65625	0.84375	0.299626
0.6875	0.84375	0.295412
0.71875	0.84375	0.290512
0.75	0.84375	0.286081
0.78125	0.84375	0.281296
0.8125	0.84375	0.27812
0.84375	0.84375	0.275111
0.875	0.84375	0.276402
0.90625	0.84375	0.279645
0.9375	0.84375	0.28623
0.96875	0.84375	0.33179
1	0.84375	0.328318

0	0.875	0.284878
0.03125	0.875	0.288569
0.0625	0.875	0.259578
0.09375	0.875	0.251076
0.125	0.875	0.250788
0.15625	0.875	0.25226
0.1875	0.875	0.25757
0.21875	0.875	0.262771
0.25	0.875	0.26939
0.28125	0.875	0.275255
0.3125	0.875	0.281341
0.34375	0.875	0.286533
0.375	0.875	0.291307
0.40625	0.875	0.295001
0.4375	0.875	0.29791
0.46875	0.875	0.299499
0.5	0.875	0.300145
0.53125	0.875	0.299505
0.5625	0.875	0.297921
0.59375	0.875	0.295017
0.625	0.875	0.291329
0.65625	0.875	0.28656
0.6875	0.875	0.281372
0.71875	0.875	0.27529
0.75	0.875	0.269429
0.78125	0.875	0.262814
0.8125	0.875	0.257615
0.84375	0.875	0.252306
0.875	0.875	0.250834
0.90625	0.875	0.251121
0.9375	0.875	0.259621
0.96875	0.875	0.288606
1	0.875	0.284913

0	0.90625	0.244909
0.03125	0.90625	0.253487
0.0625	0.90625	0.218844
0.09375	0.90625	0.219096
0.125	0.90625	0.222412
0.15625	0.90625	0.226943
0.1875	0.90625	0.235092
0.21875	0.90625	0.242706
0.25	0.90625	0.251188
0.28125	0.90625	0.258818
0.3125	0.90625	0.266256
0.34375	0.90625	0.272583
0.375	0.90625	0.278212
0.40625	0.90625	0.282561
0.4375	0.90625	0.285896
0.46875	0.90625	0.287766
0.5	0.90625	0.288477
0.53125	0.90625	0.287772
0.5625	0.90625	0.285907
0.59375	0.90625	0.282579
0.625	0.90625	0.278235
0.65625	0.90625	0.272612
0.6875	0.90625	0.266288
0.71875	0.90625	0.258856
0.75	0.90625	0.251229
0.78125	0.90625	0.242752
0.8125	0.90625	0.235139
0.84375	0.90625	0.226993
0.875	0.90625	0.222459
0.90625	0.90625	0.219139
0.9375	0.90625	0.218877
0.96875	0.90625	0.253488
1	0.90625	0.24493

0	0.9375	0.168431
0.03125	0.9375	0.181897
0.0625	0.9375	0.173192
0.09375	0.9375	0.177057
0.125	0.9375	0.186596
0.15625	0.9375	0.196762
0.1875	0.9375	0.208879
0.21875	0.9375	0.219758
0.25	0.9375	0.230764
0.28125	0.9375	0.240568
0.3125	0.9375	0.249698
0.34375	0.9375	0.257411
0.375	0.9375	0.264053
0.40625	0.9375	0.269187
0.4375	0.9375	0.273035
0.46875	0.9375	0.275216
0.5	0.9375	0.276019
0.53125	0.9375	0.275222
0.5625	0.9375	0.273046
0.59375	0.9375	0.269204
0.625	0.9375	0.264077
0.65625	0.9375	0.257437
0.6875	0.9375	0.24973
0.71875	0.9375	0.240604
0.75	0.9375	0.230808
0.78125	0.9375	0.219801
0.8125	0.9375	0.208926
0.84375	0.9375	0.196809
0.875	0.9375	0.186646
0.90625	0.9375	0.177094
0.9375	0.9375	0.173217
0.96875	0.9375	0.181872
1	0.9375	0.168448

0	0.96875	0.0919684
0.03125	0.96875	0.114329
0.0625	0.96875	0.11717
0.09375	0.96875	0.133332
0.125	0.96875	0.149583
0.15625	0.96875	0.165303
0.1875	0.96875	0.181368
0.21875	0.96875	0.195907
0.25	0.96875	0.209574
0.28125	0.96875	0.22173
0.3125	0.96875	0.23257
0.34375	0.96875	0.241766
0.375	0.96875	0.249442
0.40625	0.96875	0.255422
0.4375	0.96875	0.259757
0.46875	0.96875	0.262326
0.5	0.96875	0.263196
0.53125	0.96875	0.262333
0.5625	0.96875	0.25977
0.59375	0.96875	0.255443
0.625	0.96875	0.249468
0.65625	0.96875	0.2418
0.6875	0.96875	0.232608
0.71875	0.96875	0.221777
0.75	0.96875	0.209625
0.78125	0.96875	0.195966
0.8125	0.96875	0.181428
0.84375	0.96875	0.16537
0.875	0.96875	0.14965
0.90625	0.96875	0.133398
0.9375	0.96875	0.117229
0.96875	0.96875	0.114364
1	0.96875	0.0919786

0	1	0
0.03125	1	0.0302734
0.0625	1	0.0585938
0.09375	1	0.0849609
0.125	1	0.109375
0.15625	1	0.131836
0.1875	1	0.152344
0.21875	1	0.170898
0.25	1	0.1875
0.28125	1	0.202148
0.3125	1	0.214844
0.34375	1	0.225586
0.375	1	0.234375
0.40625	1	0.241211
0.4375	1	0.246094
0.46875	1	0.249023
0.5	1	0.25
0.53125	1	0.249023
0.5625	1	0.246094
0.59375	1	0.241211
0.625	1	0.234375
0.65625	1	0.225586
0.6875	1	0.214844
0.71875	1	0.202148
0.75	1	0.1875
0.78125	1	0.170898
0.8125	1	0.152344
0.84375	1	0.131836
0.875	1	0.109375
0.90625	1	0.0849609
0.9375	1	0.0585938
0.96875	1	0.0302734
1	1	0

